0.000000000000000000e+00 -7.437031725826850348e-01 7.528444269369398700e-01
5.025125628140703765e-02 -7.803509037066098664e-01 7.518202936452048624e-01
1.005025125628140753e-01 -8.148248092386489727e-01 7.504174565862593571e-01
1.507537688442210921e-01 -8.468777084693525081e-01 7.484855361275513097e-01
2.010050251256281506e-01 -8.762714348264016850e-01 7.458947969932540056e-01
2.512562814070351536e-01 -9.027788199594701801e-01 7.425382352996896529e-01
3.015075376884421843e-01 -9.261856257114563507e-01 7.383329111476435447e-01
3.517587939698492705e-01 -9.462924035356555796e-01 7.332206007065601439e-01
4.020100502512563012e-01 -9.629162611917115866e-01 7.271678412885232978e-01
4.522613065326633319e-01 -9.758925170738336208e-01 7.201654369882061202e-01
5.025125628140703071e-01 -9.850762232929767270e-01 7.122274840429199116e-01
5.527638190954773378e-01 -9.903435396475617214e-01 7.033899663596629992e-01
6.030150753768843686e-01 -9.915929418684383823e-01 6.937089642209994800e-01
6.532663316582915103e-01 -9.887462490036521556e-01 6.832585140855534922e-01
7.035175879396985410e-01 -9.817494565038837884e-01 6.721281553750960702e-01
7.537688442211055717e-01 -9.705733634644001517e-01 6.604202016977991363e-01
8.040201005025126024e-01 -9.552139845544143082e-01 6.482467794234829661e-01
8.542713567839196331e-01 -9.356927393981471219e-01 6.357266860128920616e-01
9.045226130653266639e-01 -9.120564145387095589e-01 6.229821337978593832e-01
9.547738693467336946e-01 -8.843768955894134587e-01 6.101354613135120397e-01
1.005025125628140614e+00 -8.527506697281772574e-01 5.973059124248782936e-01
1.055276381909547645e+00 -8.172981012887351460e-01 5.846066011764365911e-01
1.105527638190954676e+00 -7.781624858157270008e-01 5.721417944915613285e-01
1.155778894472361706e+00 -7.355088905463862403e-01 5.600046518810951612e-01
1.206030150753768737e+00 -6.895227918268735934e-01 5.482755573370967639e-01
1.256281407035175990e+00 -6.404085224329247872e-01 5.370211603182947213e-01
1.306532663316583021e+00 -5.883875441099464254e-01 5.262942083874739829e-01
1.356783919597990051e+00 -5.336965628455669908e-01 5.161342041518630630e-01
1.407035175879397082e+00 -4.765855064075773528e-01 5.065688569529863683e-01
1.457286432160804113e+00 -4.173153854936695328e-01 4.976162311066887889e-01
1.507537688442211143e+00 -3.561560614205885877e-01 4.892874250037126393e-01
1.557788944723618174e+00 -2.933839446052188826e-01 4.815895570541819937e-01
1.608040201005025205e+00 -2.292796491384264113e-01 4.745287923055216406e-01
1.658291457286432236e+00 -1.641256295066529369e-01 4.681131225676581908e-01
1.708542713567839266e+00 -9.820382596244797702e-02 4.623546156696665133e-01
1.758793969849246297e+00 -3.179334517335730137e-02 4.572708766790188339e-01
1.809045226130653328e+00 3.483179741742808977e-02 4.528855148958534915e-01
1.859296482412060358e+00 1.014048476075542493e-01 4.492274838301020812e-01
1.909547738693467389e+00 1.676683697643821525e-01 4.463292549888338012e-01
1.959798994974874420e+00 2.333761675661601698e-01 4.442238961350786219e-01
2.010050251256281229e+00 2.982950457275154177e-01 4.429412433203178123e-01
2.060301507537688259e+00 3.622063920469182907e-01 4.425034713056337776e-01
2.110552763819095290e+00 4.249075611544560482e-01 4.429204622056868712e-01
2.160804020100502321e+00 4.862130436322832372e-01 4.441854284249680540e-01
2.211055276381909351e+00 5.459554067019483092e-01 4.462712471548279103e-01
2.261306532663316382e+00 6.039859953939656911e-01 4.491279026651485151e-01
2.311557788944723413e+00 6.601753860044154987e-01 4.526813154818152274e-01
2.361809045226130443e+00 7.144135866668051005e-01 4.568336840677467148e-01
2.412060301507537474e+00 7.666099829894280626e-01 4.614653034946487598e-01
2.462311557788944505e+00 8.166930298914478747e-01 4.664376861188689327e-01
2.512562814070351980e+00 8.646096939761025446e-01 4.715977131016982349e-01
2.562814070351759010e+00 9.103246539677301019e-01 4.767825017395890819e-01
2.613065326633166041e+00 9.538192698708427564e-01 4.818246782117350802e-01
2.663316582914573072e+00 9.950903345451982407e-01 4.865577857840821530e-01
2.713567839195980103e+00 1.034148624291879148e+00 4.908216185122380448e-01
2.763819095477387133e+00 1.071017267774567738e+00 4.944673350980109405e-01
2.814070351758794164e+00 1.105729955121734553e+00 4.973622658078979408e-01
2.864321608040201195e+00 1.138329011335837082e+00 4.993943709101495432e-01
2.914572864321608225e+00 1.168863360143466368e+00 5.004763393600833998e-01
2.964824120603015256e+00 1.197386406128271963e+00 5.005493311754145580e-01
3.015075376884422287e+00 1.223953864370764810e+00 4.995863665913518048e-01
3.065326633165829318e+00 1.248621567855439096e+00 4.975953497836959061e-01
3.115577889447236348e+00 1.271443283578165051e+00 4.946216837434405100e-01
3.165829145728643379e+00 1.292468568582930688e+00 4.907503836208657599e-01
3.216080402010050410e+00 1.311740697067715455e+00 4.861075257452358023e-01
3.266331658291457440e+00 1.329294689220711811e+00 4.808607767704896063e-01
3.316582914572864471e+00 1.345155471580447681e+00 4.752186343585290684e-01
3.366834170854271502e+00 1.359336197462062357e+00 4.694278891944440035e-01
3.417085427135678533e+00 1.371836754366644318e+00 4.637687159607368215e-01
3.467336683417085563e+00 1.382642483305765113e+00 4.585467691354407349e-01
3.517587939698492594e+00 1.391723132647924244e+00 4.540817725110617431e-01
3.567839195979899625e+00 1.399032066451139533e+00 4.506924317091382526e-01
3.618090452261306655e+00 1.404505744313444993e+00 4.486781168504199169e-01
3.668341708542713686e+00 1.408063486582232571e+00 4.482986125034955083e-01
3.718592964824120717e+00 1.409607535348865515e+00 4.497541177956900227e-01
3.768844221105527748e+00 1.409023418054930588e+00 4.531682658842232092e-01
3.819095477386934778e+00 1.406180616791613325e+00 4.585768718722018633e-01
3.869346733668341809e+00 1.400933542527479148e+00 4.659242625596495269e-01
3.919597989949748840e+00 1.393122809597108436e+00 4.750675914678723633e-01
3.969849246231155870e+00 1.382576801870340599e+00 4.857879971880041947e-01
4.020100502512562457e+00 1.369113518146573227e+00 4.978063601330829369e-01
4.070351758793969488e+00 1.352542680528144636e+00 5.108010473823284547e-01
4.120603015075376518e+00 1.332668085868751850e+00 5.244253556813039951e-01
4.170854271356783549e+00 1.309290176913631143e+00 5.383230802604342946e-01
4.221105527638190580e+00 1.282208806492852293e+00 5.521414252107482712e-01
4.271356783919597611e+00 1.251226165140716828e+00 5.655411075549969802e-01
4.321608040201004641e+00 1.216149839833560620e+00 5.782039096666805600e-01
4.371859296482411672e+00 1.176795969202532266e+00 5.898381225795781280e-01
4.422110552763818703e+00 1.132992458621202125e+00 6.001823597482180972e-01
4.472361809045225733e+00 1.084582217020028772e+00 6.090081735244163852e-01
4.522613065326632764e+00 1.031426376165927472e+00 6.161218251736699791e-01
4.572864321608039795e+00 9.734074524859570587e-01 6.213654741836976969e-01
4.623115577889446826e+00 9.104324113247896921e-01 6.246179788369512487e-01
4.673366834170853856e+00 8.424355938155083656e-01 6.257954424671053895e-01
4.723618090452260887e+00 7.693814673166005091e-01 6.248515980384020674e-01
4.773869346733667918e+00 6.912671616225966043e-01 6.217780947884675724e-01
4.824120603015074948e+00 6.081247548838442096e-01 6.166047309243731789e-01
4.874371859296481979e+00 5.200232753582733070e-01 6.093996618078603156e-01
4.924623115577889010e+00 4.270703877451375030e-01 6.002695995897194825e-01
4.974874371859296041e+00 3.294137358916860991e-01 5.893600032696800772e-01
5.025125628140703959e+00 2.272419170878177130e-01 5.768552321308254571e-01
5.075376884422110990e+00 1.207850669341629102e-01 5.629785934220503663e-01
5.125628140703518021e+00 1.031503784508513988e-02 5.479921482791212384e-01
5.175879396984925052e+00 -1.038548414161186706e-01 5.321960381613765056e-01
5.226130653266332082e+00 -2.213704332263424224e-01 5.159269485769265584e-01
5.276381909547739113e+00 -3.418378889685824706e-01 4.995551355798856785e-01
5.326633165829146144e+00 -4.648251758207211370e-01 4.834792200751392155e-01
5.376884422110553174e+00 -5.898640261616889813e-01 4.681177590807363287e-01
5.427135678391960205e+00 -7.164522984513521653e-01 4.538965436740081127e-01
5.477386934673367236e+00 -8.440567336748121541e-01 4.412308276226918902e-01
5.527638190954774267e+00 -9.721160868071020422e-01 4.305024607546745763e-01
5.577889447236181297e+00 -1.100044608308699434e+00 4.220332880745491511e-01
5.628140703517588328e+00 -1.227235846461020241e+00 4.160579787705393495e-01
5.678391959798995359e+00 -1.353066737448043844e+00 4.127010214009229072e-01
5.728643216080402389e+00 -1.476901946534853627e+00 4.119630197913322633e-01
5.778894472361809420e+00 -1.598098420532245045e+00 4.137199716751838174e-01
5.829145728643216451e+00 -1.716010109009956208e+00 4.177361505600688529e-01
5.879396984924623482e+00 -1.829992809465242676e+00 4.236877923000501034e-01
5.929648241206030512e+00 -1.939409089898769922e+00 4.311925267376625071e-01
5.979899497487437543e+00 -2.043633241019960689e+00 4.398391746732833174e-01
6.030150753768844574e+00 -2.142056209616403084e+00 4.492138357231393320e-01
6.080402010050251604e+00 -2.234090464486909955e+00 4.589201663473158055e-01
6.130653266331658635e+00 -2.319174746759060657e+00 4.685935030262830536e-01
6.180904522613065666e+00 -2.396778657385337574e+00 4.779095944046574118e-01
6.231155778894472697e+00 -2.466407036126915919e+00 4.865891649627436810e-01
6.281407035175879727e+00 -2.527604088372354507e+00 4.943995454566638137e-01
6.331658291457286758e+00 -2.579957218675967834e+00 5.011543963453602979e-01
6.381909547738693789e+00 -2.623100532905567661e+00 5.067122790273642652e-01
6.432160804020100819e+00 -2.656717974325553566e+00 5.109745805252347006e-01
6.482412060301507850e+00 -2.680546062765364113e+00 5.138831014909167605e-01
6.532663316582914881e+00 -2.694376210188440091e+00 5.154174772239960012e-01
6.582914572864321912e+00 -2.698056590430750301e+00 5.155925070375226849e-01
6.633165829145728942e+00 -2.691493545565577072e+00 5.144554064821739159e-01
6.683417085427135973e+00 -2.674652516214457876e+00 5.120829589520140557e-01
6.733668341708543004e+00 -2.647558488102850216e+00 5.085785202329311527e-01
6.783919597989950034e+00 -2.610295952192112523e+00 5.040688167447796575e-01
6.834170854271357065e+00 -2.563008380745218417e+00 4.987004732857582279e-01
6.884422110552764096e+00 -2.505897226641445208e+00 4.926362089023968438e-01
6.934673366834171127e+00 -2.439220458085482157e+00 4.860506517169538299e-01
6.984924623115578157e+00 -2.363290645501817888e+00 4.791257479749058135e-01
7.035175879396985188e+00 -2.278472621811607812e+00 4.720457803826925702e-01
7.085427135678392219e+00 -2.185180741405777560e+00 4.649920681134334099e-01
7.135678391959799249e+00 -2.083875766908942051e+00 4.581374948888217724e-01
7.185929648241206280e+00 -1.975061416232363865e+00 4.516410965415879608e-01
7.236180904522613311e+00 -1.859280605404979081e+00 4.456430231654751606e-01
7.286432160804020342e+00 -1.737111425219809657e+00 4.402602548203798927e-01
7.336683417085427372e+00 -1.609162891814887475e+00 4.355834720056429021e-01
7.386934673366834403e+00 -1.476070512906479060e+00 4.316754438887835943e-01
7.437185929648241434e+00 -1.338491712496949759e+00 4.285711903759510943e-01
7.487437185929648464e+00 -1.197101157486618384e+00 4.262800070738573810e-01
7.537688442211055495e+00 -1.052586029730703032e+00 4.247892411211602881e-01
7.587939698492462526e+00 -9.056412867084824292e-01 4.240695082109799952e-01
7.638190954773869557e+00 -7.569649531270279397e-01 4.240808842891809483e-01
7.688442211055276587e+00 -6.072534844877969240e-01 4.247795150881622517e-01
7.738693467336683618e+00 -4.571972419271977950e-01 4.261240701636185846e-01
7.788944723618090649e+00 -3.074761155336217522e-01 4.280815152532125856e-01
7.839195979899497679e+00 -1.587553308791471718e-01 4.306317668535495913e-01
7.889447236180904710e+00 -1.168147072359032590e-02 4.337709037812694790e-01
7.939698492462311741e+00 1.331212592054012711e-01 4.375127258047981638e-01
7.989949748743718771e+00 2.750544947350062053e-01 4.418885617337208194e-01
8.040201005025124914e+00 4.135488859155690422e-01 4.469453388767977153e-01
8.090452261306532833e+00 5.480669592757155817e-01 4.527420364084999704e-01
8.140703517587938975e+00 6.781056547892236885e-01 4.593447592569512850e-01
8.190954773869346894e+00 8.031985264009454673e-01 4.668207829926286356e-01
8.241206030150753037e+00 9.229175986726669834e-01 4.752320221417457025e-01
8.291457286432160956e+00 1.036874875770466664e+00 4.846284460643010550e-01
8.341708542713567098e+00 1.144723502579354291e+00 4.950419883031340063e-01
8.391959798994975017e+00 1.246158581159877654e+00 5.064814534492252385e-01
8.442211055276381160e+00 1.340917649017348667e+00 5.189288192441506853e-01
8.492462311557789079e+00 1.428780828705552342e+00 5.323371756822536938e-01
8.542713567839195221e+00 1.509570661103280642e+00 5.466303647503663043e-01
8.592964824120603140e+00 1.583151637260276967e+00 5.617042162941602301e-01
8.643216080402009283e+00 1.649429445987956599e+00 5.774291446493929891e-01
8.693467336683417201e+00 1.708349956355041721e+00 5.936537926152790634e-01
8.743718592964823344e+00 1.759897955927186119e+00 6.102093856480286238e-01
8.793969849246231263e+00 1.804095666957140409e+00 6.269144801431065783e-01
8.844221105527637405e+00 1.841001063785495884e+00 6.435798397520371417e-01
8.894472361809045324e+00 1.870706015454534743e+00 6.600132366944343465e-01
8.944723618090451467e+00 1.893334277975204039e+00 6.760240379863380333e-01
8.994974874371859386e+00 1.909039360830467658e+00 6.914274911050357630e-01
9.045226130653265528e+00 1.918002292160642774e+00 7.060486660172188289e-01
9.095477386934673447e+00 1.920429306675057957e+00 7.197260402118509370e-01
9.145728643216079590e+00 1.916549479688718138e+00 7.323147318671137107e-01
9.195979899497487509e+00 1.906612329814755480e+00 7.436893958187298370e-01
9.246231155778893651e+00 1.890885411776864533e+00 7.537467998869050723e-01
9.296482412060301570e+00 1.869651919565804121e+00 7.624080972595839167e-01
9.346733668341707713e+00 1.843208318776514254e+00 7.696208053479719480e-01
9.396984924623115631e+00 1.811862025453945924e+00 7.753604935803308784e-01
9.447236180904521774e+00 1.775929147173120004e+00 7.796321722481164285e-01
9.497487437185929693e+00 1.735732300408477258e+00 7.824713616768300684e-01
9.547738693467335835e+00 1.691598516535067542e+00 7.839448053887653201e-01
9.597989949748743754e+00 1.643857247074023809e+00 7.841507723112984829e-01
9.648241206030149897e+00 1.592838477070659620e+00 7.832188715315274719e-01
9.698492462311557816e+00 1.538870953796739993e+00 7.813092793721745366e-01
9.748743718592963958e+00 1.482280536319323883e+00 7.786112546200609774e-01
9.798994974874371877e+00 1.423388669894380953e+00 7.753407972852149888e-01
9.849246231155778020e+00 1.362510987640338289e+00 7.717372952751860860e-01
9.899497487437185939e+00 1.299956040537679325e+00 7.680590102528705998e-01
9.949748743718592081e+00 1.236024155497231103e+00 7.645772890101154573e-01
1.000000000000000000e+01 1.171006420050175523e+00 7.615694602872818963e-01
