0.000000000000000000e+00 -7.492429478864256476e-01 1.209210005378690278e+00
5.025125628140703765e-02 -7.084930501717198181e-01 1.187248632678507665e+00
1.005025125628140753e-01 -6.627479044719305490e-01 1.166230582435773266e+00
1.507537688442210921e-01 -6.121669067519825980e-01 1.146441891864204310e+00
2.010050251256281506e-01 -5.569493188224485802e-01 1.128132559503474797e+00
2.512562814070351536e-01 -4.973334352550836668e-01 1.111505079543281038e+00
3.015075376884421843e-01 -4.335953424404384027e-01 1.096704485179840427e+00
3.517587939698492705e-01 -3.660472727835966666e-01 1.083810847133656274e+00
4.020100502512563012e-01 -2.950355619309184552e-01 1.072835065755610051e+00
4.522613065326633319e-01 -2.209382218562242206e-01 1.063718538473027442e+00
5.025125628140703071e-01 -1.441621475437596667e-01 1.056336907877113207e+00
5.527638190954773378e-01 -6.513997982172957391e-02 1.050507664614198644e+00
6.030150753768843686e-01 1.567334844323275966e-02 1.046000977220449046e+00
6.532663316582915103e-01 9.780435114900101756e-02 1.042552824841455950e+00
7.035175879396985410e-01 1.807649769762599834e-01 1.039879364717151145e+00
7.537688442211055717e-01 2.640568070518912736e-01 1.037691479465424615e+00
8.040201005025126024e-01 3.471754193106767472e-01 1.035708588182191692e+00
8.542713567839196331e-01 4.296148736973054993e-01 1.033671018205622349e+00
9.045226130653266639e-01 5.108722699544669954e-01 1.031350466962235535e+00
9.547738693467336946e-01 5.904523279040478911e-01 1.028558293243787780e+00
1.005025125628140614e+00 6.678719388835629989e-01 1.025151540021573826e+00
1.055276381909547645e+00 7.426646363776837623e-01 1.021036699126675495e+00
1.105527638190954676e+00 8.143849339055024839e-01 1.016171287139039370e+00
1.155778894472361706e+00 8.826124789007432359e-01 1.010563324318113354e+00
1.206030150753768737e+00 9.469559726575922376e-01 1.004268810059826933e+00
1.256281407035175990e+00 1.007056808404212633e+00 9.973872850752235619e-01
1.306532663316583021e+00 1.062592382194907259e+00 9.900555768249043043e-01
1.356783919597990051e+00 1.113279034557184577e+00 9.824398529764314381e-01
1.407035175879397082e+00 1.158874584659736584e+00 9.747261666119997336e-01
1.457286432160804113e+00 1.199180423141713359e+00 9.671097702724792411e-01
1.507537688442211143e+00 1.234043134614268400e+00 9.597835998985544403e-01
1.557788944723618174e+00 1.263355626157222966e+00 9.529264709070691675e-01
1.608040201005025205e+00 1.287057743824672862e+00 9.466916632304254176e-01
1.658291457286432236e+00 1.305136365175851854e+00 9.411966682394551365e-01
1.708542713567839266e+00 1.317624962088856266e+00 9.365148943156731409e-01
1.758793969849246297e+00 1.324602634518072364e+00 9.326700535607524989e-01
1.809045226130653328e+00 1.326192622341817007e+00 9.296337720767886559e-01
1.859296482412060358e+00 1.322560308932823059e+00 9.273266975789320465e-01
1.909547738693467389e+00 1.313910736488299591e+00 9.256230616364620190e-01
1.959798994974874420e+00 1.300485659395915761e+00 9.243583441746284768e-01
2.010050251256281229e+00 1.282560167905906212e+00 9.233394379083023074e-01
2.060301507537688259e+00 1.260438920048776668e+00 9.223565564124653893e-01
2.110552763819095290e+00 1.234452025007476195e+00 9.211960827429638288e-01
2.160804020100502321e+00 1.204950625950951704e+00 9.196536024127810460e-01
2.211055276381909351e+00 1.172302234597332404e+00 9.175464746778108083e-01
2.261306532663316382e+00 1.136885873439686723e+00 9.147254328574678794e-01
2.311557788944723413e+00 1.099087084582832663e+00 9.110848343670390204e-01
2.361809045226130443e+00 1.059292866461140736e+00 9.065712796566296472e-01
2.412060301507537474e+00 1.017886601297767202e+00 9.011903723014954570e-01
2.462311557788944505e+00 9.752430369975187974e-01 8.950113959209865522e-01
2.512562814070351980e+00 9.317233872196474254e-01 8.881696419369827789e-01
2.562814070351759010e+00 8.876706126440010447e-01 8.808660484149009040e-01
2.613065326633166041e+00 8.434049449242291274e-01 8.733637273533727541e-01
2.663316582914573072e+00 7.992197125251458978e-01 8.659809014540807981e-01
2.713567839195980103e+00 7.553775245870224531e-01 8.590797915399306373e-01
2.763819095477387133e+00 7.121068651765731783e-01 8.530511530768151163e-01
2.814070351758794164e+00 6.695991458103145444e-01 8.482945121365413899e-01
2.864321608040201195e+00 6.280062590174770865e-01 8.451947238059251966e-01
2.914572864321608225e+00 5.874386700014054830e-01 8.440962263264418786e-01
2.964824120603015256e+00 5.479640772227720724e-01 8.452771489243536829e-01
3.015075376884422287e+00 5.096066660340999865e-01 8.489260136014069591e-01
3.065326633165829318e+00 4.723469724185750396e-01 8.551238893003714203e-01
3.115577889447236348e+00 4.361223665075652511e-01 8.638343449821089814e-01
3.165829145728643379e+00 4.008281579560563079e-01 8.749024497301753911e-01
3.216080402010050410e+00 3.663193175317683292e-01 8.880626593431191207e-01
3.266331658291457440e+00 3.324128015137721159e-01 9.029541149529860533e-01
3.316582914572864471e+00 2.988904577921719374e-01 9.191410140509349569e-01
3.366834170854271502e+00 2.655024850056788011e-01 9.361354560837416017e-01
3.417085427135678533e+00 2.319714087408972225e-01 9.534204463826192466e-01
3.467336683417085563e+00 1.979965318369889538e-01 9.704713513432041694e-01
3.517587939698492594e+00 1.632588092805165592e-01 9.867747962900146330e-01
3.567839195979899625e+00 1.274260921220185527e-01 1.001844609064661995e+00
3.618090452261306655e+00 9.015867937796845366e-02 1.015234852259718101e+00
3.668341708542713686e+00 5.111511207351060460e-02 1.026550246297145419e+00
3.718592964824120717e+00 9.958139499724905086e-03 1.035454398275654109e+00
3.768844221105527748e+00 -3.363921553586618485e-02 1.041676265017429603e+00
3.819095477386934778e+00 -7.998756814402185888e-02 1.045015235490037941e+00
3.869346733668341809e+00 -1.293751367291012810e-01 1.045345147972933875e+00
3.919597989949748840e+00 -1.820618402245858247e-01 1.042617478293289546e+00
3.969849246231155870e+00 -2.382736048377716020e-01 1.036863853856110573e+00
4.020100502512562457e+00 -2.981969567354928463e-01 1.028197962896862494e+00
4.070351758793969488e+00 -3.619739749390054051e-01 1.016816832780502056e+00
4.120603015075376518e+00 -4.296976755967817363e-01 1.003001335063376631e+00
4.170854271356783549e+00 -5.014078947911806416e-01 9.871156266789901101e-01
4.221105527638190580e+00 -5.770877321428699025e-01 9.696050460421210548e-01
4.271356783919597611e+00 -6.566606117502584716e-01 9.509917481398690864e-01
4.321608040201004641e+00 -7.399880104961822358e-01 9.318671007188799038e-01
4.371859296482411672e+00 -8.268678965370528378e-01 9.128796264001074467e-01
4.422110552763818703e+00 -9.170339129368367814e-01 8.947171679148390178e-01
4.472361809045225733e+00 -1.010155333005346767e+00 8.780821418573845349e-01
4.522613065326632764e+00 -1.105837805040760902e+00 8.636594325185983356e-01
4.572864321608039795e+00 -1.203624894961622616e+00 8.520778115567532174e-01
4.623115577889446826e+00 -1.303000425850772359e+00 8.438676921392137542e-01
4.673366834170853856e+00 -1.403391603835232981e+00 8.394201061869505098e-01
4.723618090452260887e+00 -1.504172910108150019e+00 8.389532143497038241e-01
4.773869346733667918e+00 -1.604670729379499949e+00 8.424925173791464328e-01
4.824120603015074948e+00 -1.704168675741001060e+00 8.498688072888658240e-01
4.874371859296481979e+00 -1.801913567965610197e+00 8.607342791521206404e-01
4.924623115577889010e+00 -1.897121997749691147e+00 8.745934392627087162e-01
4.974874371859296041e+00 -1.988987426458673990e+00 8.908429106248663132e-01
5.025125628140703959e+00 -2.076687738662085003e+00 9.088136715069854432e-01
5.075376884422110990e+00 -2.159393174241227342e+00 9.278104204310418934e-01
5.125628140703518021e+00 -2.236274555214904147e+00 9.471447893580261512e-01
5.175879396984925052e+00 -2.306511718736991234e+00 9.661611498774251849e-01
5.226130653266332082e+00 -2.369302064046356460e+00 9.842552481273569853e-01
5.276381909547739113e+00 -2.423869118553162672e+00 1.000886732296480508e+00
5.326633165829146144e+00 -2.469471026772113387e+00 1.015586921582070090e+00
5.376884422110553174e+00 -2.505408865494707094e+00 1.027963109372574735e+00
5.427135678391960205e+00 -2.531034689446088226e+00 1.037700475461640792e+00
5.477386934673367236e+00 -2.545759213699968715e+00 1.044562421785826034e+00
5.527638190954774267e+00 -2.549059042313733148e+00 1.048389906442636965e+00
5.577889447236181297e+00 -2.540483356966568795e+00 1.049100155288717140e+00
5.628140703517588328e+00 -2.519659984792048224e+00 1.046684980774857054e+00
5.678391959798995359e+00 -2.486300771034080981e+00 1.041208825178461916e+00
5.728643216080402389e+00 -2.440206189548032700e+00 1.032806558046527989e+00
5.778894472361809420e+00 -2.381269132430522184e+00 1.021680983480546701e+00
5.829145728643216451e+00 -2.309477829092569046e+00 1.008099941359780205e+00
5.879396984924623482e+00 -2.224917854781257809e+00 9.923928094510069409e-01
5.929648241206030512e+00 -2.127773198784694841e+00 9.749461256378593177e-01
5.979899497487437543e+00 -2.018326373195924450e+00 9.561979515438365773e-01
6.030150753768844574e+00 -1.896957554028935178e+00 9.366304995279058909e-01
6.080402010050251604e+00 -1.764142757535160477e+00 9.167604664382791313e-01
6.130653266331658635e+00 -1.620451065620281295e+00 8.971264992956041739e-01
6.180904522613065666e+00 -1.466540925166831322e+00 8.782733187003770592e-01
6.231155778894472697e+00 -1.303155556687284777e+00 8.607323143273813981e-01
6.281407035175879727e+00 -1.131117517928046601e+00 8.449989586743867909e-01
6.331658291457286758e+00 -9.513224776853503872e-01 8.315081582633258028e-01
6.381909547738693789e+00 -7.647322640554781170e-01 8.206095652912609451e-01
6.432160804020100819e+00 -5.723672595087271331e-01 8.125456625531028987e-01
6.482412060301507850e+00 -3.752982224452785509e-01 8.074357761262435096e-01
6.532663316582914881e+00 -1.746376211697739933e-01 8.052687768107119615e-01
6.582914572864321912e+00 2.846942856790024567e-02 8.059060423779397242e-01
6.633165829145728942e+00 2.328545272385738052e-01 8.090945385573992121e-01
6.683417085427135973e+00 4.373355582780800166e-01 8.144881606518942219e-01
6.733668341708543004e+00 6.407263580895707911e-01 8.216742941723795823e-01
6.783919597989950034e+00 8.418463890147187545e-01 8.302021940382616760e-01
6.834170854271357065e+00 1.039530315736448607e+00 8.396101972898463162e-01
6.884422110552764096e+00 1.232637387528135786e+00 8.494496736132115533e-01
6.934673366834171127e+00 1.420060531881096155e+00 8.593046189422749448e-01
6.984924623115578157e+00 1.600735069271485012e+00 8.688066391867945715e-01
7.035175879396985188e+00 1.773646964102654433e+00 8.776456307657444222e-01
7.085427135678392219e+00 1.937840533098668994e+00 8.855767419589175571e-01
7.135678391959799249e+00 2.092425539535985646e+00 8.924242598656670911e-01
7.185929648241206280e+00 2.236583609578864262e+00 8.980829936614547204e-01
7.236180904522613311e+00 2.369573915516331564e+00 9.025175852983792213e-01
7.286432160804020342e+00 2.490738079763416213e+00 9.057600221789352535e-01
7.336683417085427372e+00 2.599504262959965395e+00 9.079054824029538784e-01
7.386934673366834403e+00 2.695390409246248176e+00 9.091065296042993849e-01
7.437185929648241434e+00 2.778006631683507699e+00 9.095656030253891355e-01
7.487437185929648464e+00 2.847056730687688386e+00 9.095257295450318580e-01
7.537688442211055495e+00 2.902338848126040816e+00 9.092594276549389454e-01
7.587939698492462526e+00 2.943745269263787545e+00 9.090558862357904779e-01
7.638190954773869557e+00 2.971261393921572846e+00 9.092066834888666849e-01
7.688442211055276587e+00 2.984963906902430963e+00 9.099905497472102756e-01
7.738693467336683618e+00 2.985018185866248341e+00 9.116579388850180043e-01
7.788944723618090649e+00 2.971674992277902216e+00 9.144164033686926762e-01
7.839195979899497679e+00 2.945266497751791057e+00 9.184179025053571532e-01
7.889447236180904710e+00 2.906201703991770913e+00 9.237491530929988759e-01
7.939698492462311741e+00 2.854961319527244967e+00 9.304259264930972995e-01
7.989949748743718771e+00 2.792092160531648659e+00 9.383918232555247263e-01
8.040201005025124914e+00 2.718201146152367631e+00 9.475215822605679294e-01
8.090452261306532833e+00 2.633948960967991582e+00 9.576285036699915265e-01
8.140703517587938975e+00 2.540043458420969458e+00 9.684751811160217105e-01
8.190954773869346894e+00 2.437232879365581972e+00 9.797865142590398424e-01
8.241206030150753037e+00 2.326298959250462151e+00 9.912639257409380233e-01
8.291457286432160956e+00 2.208049995960627676e+00 1.002599809332496372e+00
8.341708542713567098e+00 2.083313948027656792e+00 1.013491434198432684e+00
8.391959798994975017e+00 1.952931629837850069e+00 1.023653763693352703e+00
8.442211055276381160e+00 1.817750066697586320e+00 1.032830867037243694e+00
8.492462311557789079e+00 1.678616068228081737e+00 1.040805778197204878e+00
8.542713567839195221e+00 1.536370073642481238e+00 1.047408775893652333e+00
8.592964824120603140e+00 1.391840317092601254e+00 1.052524122424243425e+00
8.643216080402009283e+00 1.245837355552183112e+00 1.056095314602116808e+00
8.693467336683417201e+00 1.099148995718687516e+00 1.058128877566590909e+00
8.743718592964823344e+00 9.525356502593973484e-01 1.058696681320633548e+00
8.793969849246231263e+00 8.067261474891229689e-01 1.057936689457976254e+00
8.844221105527637405e+00 6.624140123347859177e-01 1.056051968571401822e+00
8.894472361809045324e+00 5.202542302993177215e-01 1.053307706210354855e+00
8.944723618090451467e+00 3.808605001632129339e-01 1.050025920388941714e+00
8.994974874371859386e+00 2.448029754280318937e-01 1.046577516484933579e+00
9.045226130653265528e+00 1.126064890791405038e-01 1.043371386689603053e+00
9.095477386934673447e+00 -1.525074881860857823e-02 1.040840385118130929e+00
9.145728643216079590e+00 -1.383379958275439137e-01 1.039424274668469206e+00
9.195979899497487509e+00 -2.562723834760343711e-01 1.039550135047110357e+00
9.246231155778893651e+00 -3.687189082660697337e-01 1.041611211051873598e+00
9.296482412060301570e+00 -4.753900335825010925e-01 1.045945680363142172e+00
9.346733668341707713e+00 -5.760449314074279625e-01 1.052817198889931527e+00
9.396984924623115631e+00 -6.704883948828541662e-01 1.062399194819307224e+00
9.447236180904521774e+00 -7.585694543747389940e-01 1.074764629882097200e+00
9.497487437185929693e+00 -8.401797307829357297e-01 1.089882328263557021e+00
9.547738693467335835e+00 -9.152515604304115593e-01 1.107620111936078011e+00
9.597989949748743754e+00 -9.837559259763293262e-01 1.127754084874861729e+00
9.648241206030149897e+00 -1.045700227459658960e+00 1.149982695058742399e+00
9.698492462311557816e+00 -1.101125926828200541e+00 1.173943816883489033e+00
9.748743718592963958e+00 -1.150106098180345926e+00 1.199233067195689451e+00
9.798994974874371877e+00 -1.192742914485906081e+00 1.225421822559837448e+00
9.849246231155778020e+00 -1.229165099801892147e+00 1.252073817217570939e+00
9.899497487437185939e+00 -1.259525374005389109e+00 1.278759644972852438e+00
9.949748743718592081e+00 -1.283997914874948965e+00 1.305068874492616660e+00
1.000000000000000000e+01 -1.302775860010872089e+00 1.330619772773108389e+00
