0.000000000000000000e+00 1.117345424670573018e-01 6.577660848220074907e-01
5.025125628140703765e-02 7.343315096352752425e-02 6.381185414140776446e-01
1.005025125628140753e-01 3.334373236115259487e-02 6.180207934234855927e-01
1.507537688442210921e-01 -8.418231758981997020e-03 5.975695804309647530e-01
2.010050251256281506e-01 -5.172505676997506130e-02 5.768651061153003967e-01
2.512562814070351536e-01 -9.643735799750599580e-02 5.560101037962152937e-01
3.015075376884421843e-01 -1.424046521974540180e-01 5.351088947071528379e-01
3.517587939698492705e-01 -1.894660543797125618e-01 5.142664480786943715e-01
4.020100502512563012e-01 -2.374510658239728511e-01 4.935874511007056209e-01
4.522613065326633319e-01 -2.861804481316934656e-01 4.731753953250383282e-01
5.025125628140703071e-01 -3.354671771896662880e-01 4.531316840137762370e-01
5.527638190954773378e-01 -3.851174699961871783e-01 4.335547623147172347e-01
6.030150753768843686e-01 -4.349318764337019583e-01 4.145392690161238125e-01
6.532663316582915103e-01 -4.847064272730170487e-01 3.961752051821174070e-01
7.035175879396985410e-01 -5.342338289754602343e-01 3.785471115692475297e-01
7.537688442211055717e-01 -5.833046952308037492e-01 3.617332439918128917e-01
8.040201005025126024e-01 -6.317088046401193591e-01 3.458047346447433168e-01
8.542713567839196331e-01 -6.792363735323585505e-01 3.308247289840310357e-01
9.045226130653266639e-01 -7.256793325988644128e-01 3.168474934169160928e-01
9.547738693467336946e-01 -7.708325958470690908e-01 3.039174999066360239e-01
1.005025125628140614e+00 -8.144953103181038490e-01 2.920685101081674229e-01
1.055276381909547645e+00 -8.564720750860651544e-01 2.813227029456635275e-01
1.105527638190954676e+00 -8.965741182606244974e-01 2.716899128059047097e-01
1.155778894472361706e+00 -9.346204210498606502e-01 2.631670658117050698e-01
1.206030150753768737e+00 -9.704387784044360421e-01 2.557379125077292037e-01
1.256281407035175990e+00 -1.003866786354649765e+00 2.493731504605216642e-01
1.306532663316583021e+00 -1.034752746863053297e+00 2.440310060816914817e-01
1.356783919597990051e+00 -1.062956481840904299e+00 2.396583026814215200e-01
1.407035175879397082e+00 -1.088350048908231393e+00 2.361919883987281810e-01
1.457286432160804113e+00 -1.110818352505454243e+00 2.335610446317446243e-01
1.507537688442211143e+00 -1.130259645077825947e+00 2.316886550837748138e-01
1.557788944723618174e+00 -1.146585914240590531e+00 2.304944963010637782e-01
1.608040201005025205e+00 -1.159723153078959346e+00 2.298970150562265058e-01
1.658291457286432236e+00 -1.169611512028645439e+00 2.298155820046812459e-01
1.708542713567839266e+00 -1.176205332104512280e+00 2.301724462049017650e-01
1.758793969849246297e+00 -1.179473060581165633e+00 2.308944517867716484e-01
1.809045226130653328e+00 -1.179397051563938037e+00 2.319145085542654028e-01
1.859296482412060358e+00 -1.175973255205253531e+00 2.331728282397298735e-01
1.909547738693467389e+00 -1.169210800603531109e+00 2.346179464823684169e-01
1.959798994974874420e+00 -1.159131478653341318e+00 2.362075488464477346e-01
2.010050251256281229e+00 -1.145769132280828106e+00 2.379091100809150316e-01
2.060301507537688259e+00 -1.129168962582283608e+00 2.397003424358725432e-01
2.110552763819095290e+00 -1.109386760371897429e+00 2.415694340546159780e-01
2.160804020100502321e+00 -1.086488073523822484e+00 2.435150447255392814e-01
2.211055276381909351e+00 -1.060547321251734010e+00 2.455460157732398396e-01
2.261306532663316382e+00 -1.031646867095237008e+00 2.476807456158616472e-01
2.311557788944723413e+00 -9.998760628674683293e-01 2.499461844871578575e-01
2.361809045226130443e+00 -9.653302761546440625e-01 2.523764128348103264e-01
2.412060301507537474e+00 -9.281099141400713792e-01 2.550107892633030615e-01
2.462311557788944505e+00 -8.883194565483135685e-01 2.578916857632506110e-01
2.512562814070351980e+00 -8.460665103677506016e-01 2.610618686699034963e-01
2.562814070351759010e+00 -8.014608987115346972e-01 2.645616291928718500e-01
2.613065326633166041e+00 -7.546137957196733526e-01 2.684258108457913128e-01
2.663316582914573072e+00 -7.056369187926196940e-01 2.726809144160665666e-01
2.713567839195980103e+00 -6.546417886851267909e-01 2.773424761195835697e-01
2.763819095477387133e+00 -6.017390670857716284e-01 2.824129056465464194e-01
2.814070351758794164e+00 -5.470379802722797891e-01 2.878799369090597748e-01
2.864321608040201195e+00 -4.906458362764812842e-01 2.937157899970343489e-01
2.914572864321608225e+00 -4.326676417289344601e-01 2.998770773995306227e-01
2.964824120603015256e+00 -3.732058231955293071e-01 3.063054224650418877e-01
3.015075376884422287e+00 -3.123600563833484056e-01 3.129287039564622175e-01
3.065326633165829318e+00 -2.502272050968443740e-01 3.196628044576013128e-01
3.115577889447236348e+00 -1.869013702864523729e-01 3.264137246093382627e-01
3.165829145728643379e+00 -1.224740479681420968e-01 3.330799276445071122e-01
3.216080402010050410e+00 -5.703439322390480015e-02 3.395547945735528095e-01
3.266331658291457440e+00 9.330414061432534822e-03 3.457290938028469984e-01
3.316582914572864471e+00 7.653470759208946816e-02 3.514933946609562487e-01
3.366834170854271502e+00 1.444937845143765554e-01 3.567403784127991528e-01
3.417085427135678533e+00 2.131232754582661482e-01 3.613670206547159869e-01
3.467336683417085563e+00 2.823384447991461599e-01 3.652766347230848032e-01
3.517587939698492594e+00 3.520534323671544730e-01 3.683807771248644447e-01
3.567839195979899625e+00 4.221804489024150175e-01 3.706010237671394369e-01
3.618090452261306655e+00 4.926289384852478026e-01 3.718706308749587519e-01
3.668341708542713686e+00 5.633047219470617151e-01 3.721360978454539281e-01
3.718592964824120717e+00 6.341091358782406928e-01 3.713586516068382304e-01
3.768844221105527748e+00 7.049381822835774081e-01 3.695156737793491297e-01
3.819095477386934778e+00 7.756817041851888916e-01 3.666020931865541788e-01
3.869346733668341809e+00 8.462226025314243394e-01 3.626317667407793488e-01
3.919597989949748840e+00 9.164361096339508350e-01 3.576388705704300341e-01
3.969849246231155870e+00 9.861891340222286306e-01 3.516793188192245956e-01
4.020100502512562457e+00 1.055339691075857900e+00 3.448322170150728283e-01
4.070351758793969488e+00 1.123736433073599938e+00 3.372013358005486738e-01
4.120603015075376518e+00 1.191218291389080086e+00 3.289165524253707118e-01
4.170854271356783549e+00 1.257614242474453192e+00 3.201351424100726817e-01
4.221105527638190580e+00 1.322743208015784377e+00 3.110427008059665765e-01
4.271356783919597611e+00 1.386414098228695657e+00 3.018533208619114117e-01
4.321608040201004641e+00 1.448426005705444997e+00 2.928084553852587368e-01
4.371859296482411672e+00 1.508568555540918066e+00 2.841736541130260862e-01
4.422110552763818703e+00 1.566622415673235569e+00 2.762321782575944407e-01
4.472361809045225733e+00 1.622359969494881371e+00 2.692744826484390619e-01
4.522613065326632764e+00 1.675546150843385762e+00 2.635829374299567540e-01
4.572864321608039795e+00 1.725939439489186933e+00 2.594121348991303422e-01
4.623115577889446826e+00 1.773293013225418768e+00 2.569666890572089302e-01
4.673366834170853856e+00 1.817356050654043376e+00 2.563801479103940406e-01
4.723618090452260887e+00 1.857875176779204773e+00 2.576996111128960210e-01
4.773869346733667918e+00 1.894596041585871138e+00 2.608799897467208861e-01
4.824120603015074948e+00 1.927265019924380818e+00 2.657894414033732389e-01
4.874371859296481979e+00 1.955631019262072501e+00 2.722243724436950174e-01
4.924623115577889010e+00 1.979447380225210606e+00 2.799300577934556444e-01
4.974874371859296041e+00 1.998473853358687879e+00 2.886223446589110120e-01
5.025125628140703959e+00 2.012478634197977456e+00 2.980069096710220022e-01
5.075376884422110990e+00 2.021240437595728245e+00 3.077942324205818481e-01
5.125628140703518021e+00 2.024550591290560586e+00 3.177099676476760615e-01
5.175879396984925052e+00 2.022215127962434966e+00 3.275013341601489270e-01
5.226130653266332082e+00 2.014056854499092442e+00 3.369405000893884172e-01
5.276381909547739113e+00 1.999917376910894440e+00 3.458259297858878312e-01
5.326633165829146144e+00 1.979659059283286116e+00 3.539824713984167648e-01
5.376884422110553174e+00 1.953166895351156729e+00 3.612607412330812173e-01
5.427135678391960205e+00 1.920350271717809809e+00 3.675361669776376350e-01
5.477386934673367236e+00 1.881144602421501499e+00 3.727079069122535837e-01
5.527638190954774267e+00 1.835512815469059644e+00 3.766977639734234162e-01
5.577889447236181297e+00 1.783446673101088287e+00 3.794491518062404478e-01
5.628140703517588328e+00 1.724967908915662207e+00 3.809261338649482243e-01
5.678391959798995359e+00 1.660129166543774737e+00 3.811125373148343543e-01
5.728643216080402389e+00 1.589014726323686899e+00 3.800111345098159954e-01
5.778894472361809420e+00 1.511741008344100745e+00 3.776428818033373269e-01
5.829145728643216451e+00 1.428456842297152418e+00 3.740462055315673107e-01
5.879396984924623482e+00 1.339343496778406362e+00 3.692763262999857465e-01
5.929648241206030512e+00 1.244614462968207214e+00 3.634046138829817307e-01
5.979899497487437543e+00 1.144514990001022081e+00 3.565179650380171927e-01
6.030150753768844574e+00 1.039321371749861278e+00 3.487181942848801564e-01
6.080402010050251604e+00 9.293399871939687085e-01 3.401214219890641988e-01
6.130653266331658635e+00 8.149060989720783299e-01 3.308574334180752752e-01
6.180904522613065666e+00 6.963824171222876558e-01 3.210689650098170200e-01
6.231155778894472697e+00 5.741574373460477387e-01 3.109108479721915952e-01
6.281407035175879727e+00 4.486435653806461477e-01 3.005489030100086945e-01
6.331658291457286758e+00 3.202750411965165633e-01 2.901584335612915067e-01
6.381909547738693789e+00 1.895056787280900990e-01 2.799221123410341461e-01
6.432160804020100819e+00 5.680643867745704956e-02 2.700270082722037168e-01
6.482412060301507850e+00 -7.733714642205002932e-02 2.606604800072858663e-01
6.532663316582914881e+00 -2.124276742483610647e-01 2.520047032059528624e-01
6.582914572864321912e+00 -3.479586799750893356e-01 2.442297451150771959e-01
6.633165829145728942e+00 -4.834175259334981822e-01 2.374853865827374899e-01
6.683417085427135973e+00 -6.182883500276429301e-01 2.318923112487842608e-01
6.733668341708543004e+00 -7.520550487659013461e-01 2.275337471070174034e-01
6.783919597989950034e+00 -8.842042705113906109e-01 2.244489789549546921e-01
6.834170854271357065e+00 -1.014228394546182743e+00 2.226301386289949724e-01
6.884422110552764096e+00 -1.141628471787614174e+00 2.220232009240997728e-01
6.934673366834171127e+00 -1.265917103484659023e+00 2.225332553255547074e-01
6.984924623115578157e+00 -1.386621234950212500e+00 2.240331888961017426e-01
7.035175879396985188e+00 -1.503284842340765870e+00 2.263742635125607638e-01
7.085427135678392219e+00 -1.615471491664836279e+00 2.293969119668443080e-01
7.135678391959799249e+00 -1.722766750570112304e+00 2.329403771860837358e-01
7.185929648241206280e+00 -1.824780435008428681e+00 2.368503654278210635e-01
7.236180904522613311e+00 -1.921148674587754179e+00 2.409844400237390327e-01
7.286432160804020342e+00 -2.011535782269653350e+00 2.452152946790075727e-01
7.336683417085427372e+00 -2.095635916036405533e+00 2.494322717481044505e-01
7.386934673366834403e+00 -2.173174522210248760e+00 2.535415626784127130e-01
7.437185929648241434e+00 -2.243909552233362081e+00 2.574655027721800549e-01
7.487437185929648464e+00 -2.307632446886482835e+00 2.611413030263821655e-01
7.537688442211055495e+00 -2.364168884111253810e+00 2.645194831325434759e-01
7.587939698492462526e+00 -2.413379288782019128e+00 2.675621999149851993e-01
7.638190954773869557e+00 -2.455159104922666646e+00 2.702416109682712619e-01
7.688442211055276587e+00 -2.489438832960252590e+00 2.725383739323725130e-01
7.738693467336683618e+00 -2.516183836627342796e+00 2.744403548396783243e-01
7.788944723618090649e+00 -2.535393926049081870e+00 2.759416007450516961e-01
7.839195979899497679e+00 -2.547102725359979836e+00 2.770416192109063092e-01
7.889447236180904710e+00 -2.551376834872318700e+00 2.777449976372771134e-01
7.939698492462311741e+00 -2.548314799348482040e+00 2.780613870348281336e-01
7.989949748743718771e+00 -2.538045895300154342e+00 2.780058662582658435e-01
8.040201005025124914e+00 -2.520728751438622517e+00 2.775996928158521171e-01
8.090452261306532833e+00 -2.496549817423759254e+00 2.768714339896040655e-01
8.140703517587938975e+00 -2.465721696899676907e+00 2.758584556816695010e-01
8.190954773869346894e+00 -2.428481361458970866e+00 2.746087241486924180e-01
8.241206030150753037e+00 -2.385088262644574186e+00 2.731828449452112784e-01
8.291457286432160956e+00 -2.335822359379655211e+00 2.716562208174200244e-01
8.341708542713567098e+00 -2.280982078315971329e+00 2.701211530185440579e-01
8.391959798994975017e+00 -2.220882224514882708e+00 2.686886374274187195e-01
8.442211055276381160e+00 -2.155851859631253031e+00 2.674895215752164934e-01
8.492462311557789079e+00 -2.086232164367594510e+00 2.666746039476396990e-01
8.542713567839195221e+00 -2.012374301415597699e+00 2.664131993047472169e-01
8.592964824120603140e+00 -1.934637294416718944e+00 2.668897058311842652e-01
8.643216080402009283e+00 -1.853385937666513605e+00 2.682978442837853361e-01
8.693467336683417201e+00 -1.768988750373132302e+00 2.708325381149572220e-01
8.743718592964823344e+00 -1.681815988274167228e+00 2.746798631761040443e-01
8.793969849246231263e+00 -1.592237724333082749e+00 2.800060306069048210e-01
8.844221105527637405e+00 -1.500622009092907216e+00 2.869468048793129555e-01
8.894472361809045324e+00 -1.407333120075868083e+00 2.955988988642026527e-01
8.944723618090451467e+00 -1.312729908399530299e+00 3.060146070333649160e-01
8.994974874371859386e+00 -1.217164249546706767e+00 3.182002888658516104e-01
9.045226130653265528e+00 -1.120979603993743412e+00 3.321185217754232810e-01
9.095477386934673447e+00 -1.024509692182035803e+00 3.476930877861385549e-01
9.145728643216079590e+00 -9.280772871249345357e-01 3.648156308803700010e-01
9.195979899497487509e+00 -8.319931267870133151e-01 3.833528459981359604e-01
9.246231155778893651e+00 -7.365549472667705100e-01 4.031533255686777228e-01
9.296482412060301570e+00 -6.420466367654592554e-01 4.240535409620949658e-01
9.346733668341707713e+00 -5.487375093429919248e-01 4.458827532555721951e-01
9.396984924623115631e+00 -4.568816965525295259e-01 4.684668714440583526e-01
9.447236180904521774e+00 -3.667176542147700946e-01 4.916314003667269228e-01
9.497487437185929693e+00 -2.784677808442145297e-01 5.152036668893409388e-01
9.547738693467335835e+00 -1.923381435765662006e-01 5.390145101146842643e-01
9.597989949748743754e+00 -1.085183068693867936e-01 5.628995940568980449e-01
9.648241206030149897e+00 -2.718125875845034400e-02 5.867004658239594050e-01
9.698492462311557816e+00 5.151657095177319956e-02 6.102654481614434578e-01
9.748743718592963958e+00 1.274352065046976401e-01 6.334504263538381919e-01
9.798994974874371877e+00 2.004509421949268733e-01 6.561195670499470056e-01
9.849246231155778020e+00 2.704560848986232724e-01 6.781459901408330992e-01
9.899497487437185939e+00 3.373586295589506845e-01 6.994124033387468797e-01
9.949748743718592081e+00 4.010818740738443244e-01 7.198117014461676844e-01
1.000000000000000000e+01 4.615639799901426477e-01 7.392475274486780545e-01
