0.000000000000000000e+00 7.635759425422352642e-01 3.988174843182354934e-01
5.025125628140703765e-02 7.682361099131521653e-01 3.743209994839210575e-01
1.005025125628140753e-01 7.709262014718211153e-01 3.510995572647541141e-01
1.507537688442210921e-01 7.715592161356171763e-01 3.292261301272280671e-01
2.010050251256281506e-01 7.700542644226091582e-01 3.087707930663158851e-01
2.512562814070351536e-01 7.663371694493921193e-01 2.897993399994400754e-01
3.015075376884421843e-01 7.603410401672558994e-01 2.723712403657049808e-01
3.517587939698492705e-01 7.520068119625114011e-01 2.565368135127826243e-01
4.020100502512563012e-01 7.412837499297254551e-01 2.423335900465023729e-01
4.522613065326633319e-01 7.281299103608230849e-01 2.297820001803054513e-01
5.025125628140703071e-01 7.125125562765417531e-01 2.188807759090896088e-01
5.527638190954773378e-01 6.944085231579101292e-01 2.096027297430984593e-01
6.030150753768843686e-01 6.738045314116977158e-01 2.018917780179867172e-01
6.532663316582915103e-01 6.506974425220564129e-01 1.956620834735668391e-01
7.035175879396985410e-01 6.250944562967207796e-01 1.907999111034412165e-01
7.537688442211055717e-01 5.970132471066109670e-01 1.871682523837739642e-01
8.040201005025126024e-01 5.664820375368665450e-01 1.846136469474847497e-01
8.542713567839196331e-01 5.335396084106656112e-01 1.829741563052594555e-01
9.045226130653266639e-01 4.982352447085902636e-01 1.820872940965110320e-01
9.547738693467336946e-01 4.606286174801510480e-01 1.817969059148289157e-01
1.005025125628140614e+00 4.207896024237660071e-01 1.819583902055572078e-01
1.055276381909547645e+00 3.787980363909176362e-01 1.824420832482264720e-01
1.105527638190954676e+00 3.347434136426200024e-01 1.831349641324845900e-01
1.155778894472361706e+00 2.887245242452618488e-01 1.839410202774136305e-01
1.206030150753768737e+00 2.408490375314987220e-01 1.847806666011536370e-01
1.256281407035175990e+00 1.912330340644084192e-01 1.855895776088121174e-01
1.306532663316583021e+00 1.400004900223320303e-01 1.863172173736194204e-01
1.356783919597990051e+00 8.728271836298778785e-02 1.869252702256447851e-01
1.407035175879397082e+00 3.321777152198858440e-02 1.873861025646562928e-01
1.457286432160804113e+00 -2.205018925162763321e-02 1.876813301141605494e-01
1.507537688442211143e+00 -7.837155252666376526e-02 1.878005252771544897e-01
1.557788944723618174e+00 -1.355919376559416856e-01 1.877400733712747682e-01
1.608040201005025205e+00 -1.935528922709784938e-01 1.875021710470047009e-01
1.658291457286432236e+00 -2.520926003879106481e-01 1.870939520767079256e-01
1.708542713567839266e+00 -3.110465951626318337e-01 1.865267225466996082e-01
1.758793969849246297e+00 -3.702484703548160061e-01 1.858152875550469485e-01
1.809045226130653328e+00 -4.295305846495515723e-01 1.849773536152927722e-01
1.859296482412060358e+00 -4.887247531411859081e-01 1.840329942799534546e-01
1.909547738693467389e+00 -5.476629205048328952e-01 1.830041704639470967e-01
1.959798994974874420e+00 -6.061778106655386633e-01 1.819143011465164383e-01
2.010050251256281229e+00 -6.641035481195004531e-01 1.807878842032644706e-01
2.060301507537688259e+00 -7.212762464630784187e-01 1.796501707259431924e-01
2.110552763819095290e+00 -7.775345601385230676e-01 1.785268989744335788e-01
2.160804020100502321e+00 -8.327201959055947622e-01 1.774440957107654981e-01
2.211055276381909351e+00 -8.866783810898202223e-01 1.764279527358990074e-01
2.261306532663316382e+00 -9.392582862342084837e-01 1.755047846828481639e-01
2.311557788944723413e+00 -9.903134003856279843e-01 1.747010703137001630e-01
2.361809045226130443e+00 -1.039701857871888180e+00 1.740435736871147054e-01
2.412060301507537474e+00 -1.087286716063374126e+00 1.735595337980101460e-01
2.462311557788944505e+00 -1.132936184256424506e+00 1.732769021128058307e-01
2.512562814070351980e+00 -1.176523804455559041e+00 1.732245976194688453e-01
2.562814070351759010e+00 -1.217928585461192315e+00 1.734327396933860177e-01
2.613065326633166041e+00 -1.257035092279592758e+00 1.739328116537243174e-01
2.663316582914573072e+00 -1.293733493455261563e+00 1.747577039572507651e-01
2.713567839195980103e+00 -1.327919569474785622e+00 1.759415871773952755e-01
2.763819095477387133e+00 -1.359494685898103850e+00 1.775195726109344285e-01
2.814070351758794164e+00 -1.388365735331372530e+00 1.795271332532135666e-01
2.864321608040201195e+00 -1.414445052758745103e+00 1.819992795959768650e-01
2.914572864321608225e+00 -1.437650309092484147e+00 1.849695113842250715e-01
2.964824120603015256e+00 -1.457904388077328584e+00 1.884685947288634311e-01
3.015075376884422287e+00 -1.475135251890849375e+00 1.925232392510403956e-01
3.065326633165829318e+00 -1.489275800914075631e+00 1.971547674002119832e-01
3.115577889447236348e+00 -1.500263733202576333e+00 2.023778738966638679e-01
3.165829145728643379e+00 -1.508041409166109181e+00 2.081995657555553991e-01
3.216080402010050410e+00 -1.512555726864288408e+00 2.146183537784547291e-01
3.266331658291457440e+00 -1.513758013146138337e+00 2.216237386227415396e-01
3.316582914572864471e+00 -1.511603935604961757e+00 2.291960040143859179e-01
3.366834170854271502e+00 -1.506053439987838694e+00 2.373063018145523395e-01
3.417085427135678533e+00 -1.497070717295359454e+00 2.459169925733391548e-01
3.467336683417085563e+00 -1.484624204335456055e+00 2.549821928529005799e-01
3.517587939698492594e+00 -1.468686620960460987e+00 2.644484767855028728e-01
3.567839195979899625e+00 -1.449235046624962386e+00 2.742556823117874854e-01
3.618090452261306655e+00 -1.426251038259971793e+00 2.843377798699048831e-01
3.668341708542713686e+00 -1.399720790773921308e+00 2.946237705581296051e-01
3.718592964824120717e+00 -1.369635340771287568e+00 3.050385900636227721e-01
3.768844221105527748e+00 -1.335990813333268967e+00 3.155040027160183058e-01
3.819095477386934778e+00 -1.298788710941729097e+00 3.259394763111619353e-01
3.869346733668341809e+00 -1.258036242856541254e+00 3.362630327659688612e-01
3.919597989949748840e+00 -1.213746692487039702e+00 3.463920724187896649e-01
3.969849246231155870e+00 -1.165939819541249811e+00 3.562441712270426053e-01
4.020100502512562457e+00 -1.114642293000477569e+00 3.657378506101598425e-01
4.070351758793969488e+00 -1.059888150262837225e+00 3.747933195769335146e-01
4.120603015075376518e+00 -1.001719277135765473e+00 3.833331883329149092e-01
4.170854271356783549e+00 -9.401859027447065920e-01 3.912831519847847495e-01
4.221105527638190580e+00 -8.753471028708257329e-01 3.985726423801165819e-01
4.271356783919597611e+00 -8.072713047440105427e-01 4.051354456277687088e-01
4.321608040201004641e+00 -7.360367859050604977e-01 4.109102824831256662e-01
4.371859296482411672e+00 -6.617321594205827218e-01 4.158413485749299920e-01
4.422110552763818703e+00 -5.844568374906669028e-01 4.198788114006641314e-01
4.472361809045225733e+00 -5.043214653387519952e-01 4.229792611193470275e-01
4.522613065326632764e+00 -4.214483172183958182e-01 4.251061124134274949e-01
4.572864321608039795e+00 -3.359716464159809846e-01 4.262299550611098331e-01
4.623115577889446826e+00 -2.480379812736779321e-01 4.263288513436550020e-01
4.673366834170853856e+00 -1.578063595031906630e-01 4.253885789958323227e-01
4.723618090452260887e+00 -6.544849340761516032e-02 4.234028190804068337e-01
4.773869346733667918e+00 2.885114092601792635e-02 4.203732889195236355e-01
4.824120603015074948e+00 1.248952968603198599e-01 4.163098210393020859e-01
4.874371859296481979e+00 2.224740386324963737e-01 4.112303899715969435e-01
4.924623115577889010e+00 3.213649160188767340e-01 4.051610897028447011e-01
4.974874371859296041e+00 4.213332364914279538e-01 3.981360655562773965e-01
5.025125628140703959e+00 5.221324382515577511e-01 3.901974053301047740e-01
5.075376884422110990e+00 6.235045665971412632e-01 3.813949955718349272e-01
5.125628140703518021e+00 7.251808550960552324e-01 3.717863499153107876e-01
5.175879396984925052e+00 8.268824120142967971e-01 3.614364173844398231e-01
5.226130653266332082e+00 9.283210113898601179e-01 3.504173793756075739e-01
5.276381909547739113e+00 1.029199987066004240e+00 3.388084444995761446e-01
5.326633165829146144e+00 1.129215226912034353e+00 3.266956503113448429e-01
5.376884422110553174e+00 1.228056263377371060e+00 3.141716797273338413e-01
5.427135678391960205e+00 1.325407455458709194e+00 3.013356969044458378e-01
5.477386934673367236e+00 1.420949256121942561e+00 2.882932014341793581e-01
5.527638190954774267e+00 1.514359558222594160e+00 2.751558892641849385e-01
5.577889447236181297e+00 1.605315111022529884e+00 2.620414915340090189e-01
5.628140703517588328e+00 1.693492998517607262e+00 2.490735355950616792e-01
5.678391959798995359e+00 1.778572169981686990e+00 2.363809326953663081e-01
5.728643216080402389e+00 1.860235012406429078e+00 2.240972418567651614e-01
5.778894472361809420e+00 1.938168953882970946e+00 2.123593906260626551e-01
5.829145728643216451e+00 2.012068086438662640e+00 2.013055604127650389e-01
5.879396984924623482e+00 2.081634796416272692e+00 1.910718925803636392e-01
5.929648241206030512e+00 2.146581390170532622e+00 1.817876897058558483e-01
5.979899497487437543e+00 2.206631702661638883e+00 1.735689444337540910e-01
6.030150753768844574e+00 2.261522676450672620e+00 1.665103937167203563e-01
6.080402010050251604e+00 2.311005898649451495e+00 1.606768750771015442e-01
6.130653266331658635e+00 2.354849083547629007e+00 1.560954192190520673e-01
6.180904522613065666e+00 2.392837488931403023e+00 1.527499441974893013e-01
6.231155778894472697e+00 2.424775254519329071e+00 1.505802593537623191e-01
6.281407035175879727e+00 2.450486651466516008e+00 1.494861915695138710e-01
6.331658291457286758e+00 2.469817232524964545e+00 1.493362902257470148e-01
6.381909547738693789e+00 2.482634873187601343e+00 1.499793636823051057e-01
6.432160804020100819e+00 2.488830694979795588e+00 1.512565926900461544e-01
6.482412060301507850e+00 2.488319862985559627e+00 1.530122685090415380e-01
6.532663316582914881e+00 2.481042250697213181e+00 1.551020020280684530e-01
6.582914572864321912e+00 2.466962966345933150e+00 1.573980998499965311e-01
6.633165829145728942e+00 2.446072735995357572e+00 1.597924061921491556e-01
6.683417085427135973e+00 2.418388139849722229e+00 1.621971920189309302e-01
6.733668341708543004e+00 2.383951699428776827e+00 1.645447083520094889e-01
6.783919597989950034e+00 2.342831814482562169e+00 1.667859228834097651e-01
6.834170854271357065e+00 2.295122549746087870e+00 1.688888186118976398e-01
6.884422110552764096e+00 2.240943272855511204e+00 1.708365017099148508e-01
6.934673366834171127e+00 2.180438145950095663e+00 1.726252634467104752e-01
6.984924623115578157e+00 2.113775474656619302e+00 1.742626701598862238e-01
7.035175879396985188e+00 2.041146919282659233e+00 1.757657109021306396e-01
7.085427135678392219e+00 1.962766574121712182e+00 1.771590077323754731e-01
7.135678391959799249e+00 1.878869921785625952e+00 1.784730827225940175e-01
7.185929648241206280e+00 1.789712670418961871e+00 1.797426741192140465e-01
7.236180904522613311e+00 1.695569482507242043e+00 1.810050985120109091e-01
7.286432160804020342e+00 1.596732604758539509e+00 1.822986639421173005e-01
7.336683417085427372e+00 1.493510409209789280e+00 1.836611486604038113e-01
7.386934673366834403e+00 1.386225856279521551e+00 1.851283699041286757e-01
7.437185929648241434e+00 1.275214890954176727e+00 1.867328748192576549e-01
7.487437185929648464e+00 1.160824783652294467e+00 1.885027899004926011e-01
7.537688442211055495e+00 1.043412427558608524e+00 1.904608648382400682e-01
7.587939698492462526e+00 9.233426043579058273e-01 1.926237409463259220e-01
7.638190954773869557e+00 8.009862303274530859e-01 1.950014638164087044e-01
7.688442211055276587e+00 6.767185946689036058e-01 1.975972458783951113e-01
7.738693467336683618e+00 5.509176017793473434e-01 2.004074692318072726e-01
7.788944723618090649e+00 4.239620288804801795e-01 2.034219048240273886e-01
7.839195979899497679e+00 2.962298100505789122e-01 2.066241129084222805e-01
7.889447236180904710e+00 1.680963572418305851e-01 2.099919831467917664e-01
7.939698492462311741e+00 3.993292832288375394e-02 2.134983712240399734e-01
7.989949748743718771e+00 -8.789494842914491457e-02 2.171117920103766141e-01
8.040201005025124914e+00 -2.150289846433439678e-01 2.207971360603654676e-01
8.090452261306532833e+00 -3.411195689686126187e-01 2.245163851719439996e-01
8.140703517587938975e+00 -4.658271237616586902e-01 2.282293124413559970e-01
8.190954773869346894e+00 -5.888233749453966048e-01 2.318941615892015085e-01
8.241206030150753037e+00 -7.097925294825069287e-01 2.354683085212744276e-01
8.291457286432160956e+00 -8.284323557767070412e-01 2.389089147345613007e-01
8.341708542713567098e+00 -9.444551631911122236e-01 2.421735872231100262e-01
8.391959798994975017e+00 -1.057588677751186701e+00 2.452210631511489713e-01
8.442211055276381160e+00 -1.167576811969012862e+00 2.480119400463900725e-01
8.492462311557789079e+00 -1.274180327579302219e+00 2.505094739721248076e-01
8.542713567839195221e+00 -1.377177390806670232e+00 2.526804693828073045e-01
8.592964824120603140e+00 -1.476364020582133563e+00 2.544962853865186947e-01
8.643216080402009283e+00 -1.571554430887298182e+00 2.559339840151500511e-01
8.693467336683417201e+00 -1.662581269122273220e+00 2.569776467080562288e-01
8.743718592964823344e+00 -1.749295753062215297e+00 2.576198850938318796e-01
8.793969849246231263e+00 -1.831567709584101200e+00 2.578635703814184943e-01
8.844221105527637405e+00 -1.909285518905655454e+00 2.577238006245824442e-01
8.894472361809045324e+00 -1.982355968580329364e+00 2.572301141975659178e-01
8.944723618090451467e+00 -2.050704021933353438e+00 2.564289370953310443e-01
8.994974874371859386e+00 -2.114272506003700869e+00 2.553862156703789466e-01
9.045226130653265528e+00 -2.173021724374149422e+00 2.541901282284980690e-01
9.095477386934673447e+00 -2.226929000527887226e+00 2.529536812712100402e-01
9.145728643216079590e+00 -2.275988157565023151e+00 2.518168744989412455e-01
9.195979899497487509e+00 -2.320208940248895679e+00 2.509479671793302669e-01
9.246231155778893651e+00 -2.359616385431225094e+00 2.505432200318427616e-01
9.296482412060301570e+00 -2.394250146930514855e+00 2.508243746453424627e-01
9.346733668341707713e+00 -2.424163780912172328e+00 2.520331559220901352e-01
9.396984924623115631e+00 -2.449423997745552306e+00 2.544223516198227952e-01
9.447236180904521774e+00 -2.470109886195896554e+00 2.582436122804684930e-01
9.497487437185929693e+00 -2.486312115652474564e+00 2.637329773100357544e-01
9.547738693467335835e+00 -2.498132121901841529e+00 2.710960265306013861e-01
9.597989949748743754e+00 -2.505681281731741095e+00 2.804950830492768943e-01
9.648241206030149897e+00 -2.509080081400918871e+00 2.920406999791076430e-01
9.698492462311557816e+00 -2.508457283737377530e+00 3.057887058660809232e-01
9.748743718592963958e+00 -2.503949098336820445e+00 3.217427229839840419e-01
9.798994974874371877e+00 -2.495698359028052593e+00 3.398608776306498713e-01
9.849246231155778020e+00 -2.483853712457305907e+00 3.600648182949169884e-01
9.899497487437185939e+00 -2.468568821322275397e+00 3.822492173996740461e-01
9.949748743718592081e+00 -2.450001585462945108e+00 4.062904296607355858e-01
1.000000000000000000e+01 -2.428313383693065930e+00 4.320536026429834808e-01
