  0.50309000   0.43636243   0.02268251
  0.49480000   0.43021907   0.02215013
  0.67767000   0.55842535   0.03374924
  0.86650000   0.67610396   0.04473785
  0.79857000   0.63535313   0.04094501
  0.37144000   0.33484372   0.01437437
  0.35582000   0.32222457   0.01342825
  0.28360000   0.26224466   0.00926125
  0.46640000   0.40892346   0.02033039
  0.94688000   0.72220421   0.04896729
  0.69315000   0.56860552   0.03469879
  0.89693000   0.69381841   0.04637266
  0.78904000   0.62949844   0.04039762
  0.59027000   0.49902446   0.02826901
  0.21075000   0.19897172   0.00555250
  0.85852000   0.67140419   0.04430245
  0.55875000   0.47677298   0.02625621
  0.99640000   0.74953146   0.05142927
  0.58294000   0.49388997   0.02780215
  0.79656000   0.63412118   0.04082987
  0.91348000   0.70331736   0.04724465
  0.94846000   0.72308843   0.04904755
  0.73362000   0.59475338   0.03714441
  0.76560000   0.61494972   0.03903594
  0.98341000   0.74243925   0.05079411
  0.70064000   0.57349543   0.03515554
  0.83814000   0.65929721   0.04317806
  0.37060000   0.33416826   0.01432316
  0.35858000   0.32446338   0.01359447
  0.52278000   0.45082338   0.02394771
  0.70198000   0.57436782   0.03523706
  0.74613000   0.60270210   0.03788885
  0.59185000   0.50012805   0.02836953
  0.62063000   0.52003577   0.03019255
  1.00279000   0.75300071   0.05173894
  0.61064000   0.51316704   0.02956158
  0.35833000   0.32426075   0.01357940
  0.45155000   0.39763291   0.01938303
  0.55260000   0.47237863   0.02586214
  0.75068000   0.60557768   0.03815819
  0.82269000   0.65001771   0.04231392
  0.95076000   0.72437412   0.04916417
  0.34052000   0.30974291   0.01251483
  0.81072000   0.64276744   0.04163757
  0.61124000   0.51358082   0.02959953
  0.54831000   0.46930301   0.02558705
  1.02879000   0.76698583   0.05298007
  0.42244000   0.37518669   0.01753922
  0.70115000   0.57382755   0.03518657
  0.68517000   0.56337010   0.03421021
  0.93189000   0.71377407   0.04820034
  0.74909000   0.60457374   0.03806416
  0.46840000   0.41043589   0.02045824
  0.95886000   0.72888812   0.04957300
  0.84053000   0.66072483   0.04331084
  0.56276000   0.47962890   0.02651297
  0.82854000   0.65354167   0.04264230
  0.57875000   0.49094411   0.02753492
  0.86450000   0.67492821   0.04462899
  0.85851000   0.67139828   0.04430190
  0.58575000   0.49586116   0.02798122
  0.48881000   0.42575973   0.02176569
  0.68866000   0.56566304   0.03442413
  0.32454000   0.29657785   0.01157671
  0.18538000   0.17627511   0.00441985
  0.68196000   0.56125663   0.03401313
  0.92223000   0.70830159   0.04770076
  0.42866000   0.38001796   0.01793141
  0.69998000   0.57306548   0.03511536
  0.57584000   0.48889351   0.02734918
  0.51176000   0.44275250   0.02323955
  0.64191000   0.53452152   0.03152920
  0.35157000   0.31876948   0.01317313
  0.34957000   0.31714036   0.01305343
  0.35527000   0.32177796   0.01339517
  0.87217000   0.67942945   0.04504553
  0.92624000   0.71057711   0.04790865
  0.41957000   0.37295100   0.01735863
  0.89073000   0.69023551   0.04604287
  0.48057000   0.41959728   0.02123732
  0.58060000   0.49224576   0.02765294
  0.80569000   0.63970474   0.04135159
  0.66464000   0.54977842   0.03294442
  0.74566000   0.60240460   0.03786099
  0.73669000   0.59670982   0.03732762
  0.37053000   0.33411195   0.01431890
  0.85073000   0.66679423   0.04387477
  0.21946000   0.20668477   0.00596236
  0.64764000   0.53838850   0.03188725
  0.60060000   0.50621950   0.02892544
  0.76070000   0.61188142   0.03874860
  0.47057000   0.41207467   0.02059702
  0.49737000   0.43212708   0.02231513
  0.50736000   0.43951401   0.02295683
  0.58728000   0.49693295   0.02807867
  0.69915000   0.57252452   0.03506482
  0.76108000   0.61211970   0.03877092
  0.78805000   0.62888825   0.04034055
  0.40547000   0.36190770   0.01647521
  0.80804000   0.64113681   0.04148532
  0.58328000   0.49412866   0.02782383
  0.72013000   0.58611157   0.03633540
  0.83699000   0.65860953   0.04311409
  0.80603000   0.63991206   0.04137095
  0.50074000   0.43462427   0.02253156
  0.53378000   0.45882281   0.02465440
  0.82212000   0.64967367   0.04228185
  0.12531000   0.12116304   0.00215859
  0.44368000   0.39160563   0.01888261
  0.68366000   0.56237645   0.03411754
  0.72668000   0.59031673   0.03672901
  0.40455000   0.36118369   0.01641780
  0.69065000   0.56696820   0.03454594
  0.57661000   0.48943648   0.02739834
  0.72068000   0.58646534   0.03636850
  0.55031000   0.47073792   0.02571531
  0.84797000   0.66515565   0.04372261
  0.43544000   0.38526238   0.01836010
  0.30158000   0.27743071   0.01026119
  0.58073000   0.49233717   0.02766123
  0.34593000   0.31417009   0.01283620
  0.33094000   0.30186630   0.01195036
  0.44956000   0.39611172   0.01925638
  0.29172000   0.26912382   0.00970932
  0.46127000   0.40503523   0.02000271
  0.63222000   0.52794976   0.03092186
  0.26862000   0.24946298   0.00845094
  0.92491000   0.70982299   0.04783978
  0.62522000   0.52317698   0.03048174
  0.60825000   0.51151725   0.02941032
  0.57828000   0.49061317   0.02750493
  0.71963000   0.58578985   0.03630529
  0.76660000   0.61557476   0.03909447
  0.36791000   0.33200276   0.01415944
  0.84852000   0.66548240   0.04375296
  0.77660000   0.62180366   0.03967763
  0.58375000   0.49445854   0.02785378
  0.58873000   0.49794773   0.02817100
  0.76859000   0.61681741   0.03921083
  0.51380000   0.44425088   0.02337065
  0.63771000   0.53167807   0.03126624
  0.43487000   0.38482235   0.01832402
  0.58375000   0.49445854   0.02785378
  0.66206000   0.54805777   0.03278449
  0.62189000   0.52089898   0.03027198
  0.41664000   0.37066434   0.01717453
  0.45169000   0.39773985   0.01939195
  0.73401000   0.59500213   0.03716771
  0.74202000   0.60009754   0.03764490
  0.34957000   0.31714036   0.01305343
  0.51476000   0.44495532   0.02343234
  0.64364000   0.53569053   0.03163739
  0.47058000   0.41208222   0.02059766
  0.26349000   0.24505866   0.00817857
  0.74270000   0.60052893   0.03768531
  0.91075000   0.70175695   0.04710165
  0.33753000   0.30728963   0.01233801
  0.98377000   0.74263653   0.05081181
  0.81369000   0.64457138   0.04180594
  0.81773000   0.64701991   0.04203438
  0.96075000   0.72993830   0.04966797
  0.75669000   0.60936341   0.03851277
  0.87796000   0.68281355   0.04535828
  0.80902000   0.64173340   0.04154103
  0.62723000   0.52454964   0.03060823
  0.93389000   0.71490318   0.04830325
  0.69715000   0.57121985   0.03494294
  0.76706000   0.61586214   0.03912138
  0.86397000   0.67461640   0.04460011
  0.51434000   0.44464718   0.02340535
  0.47039000   0.41193882   0.02058551
  0.92790000   0.71151751   0.04799450
  0.63071000   0.52692201   0.03082702
  0.61570000   0.51665159   0.02988143
  0.56475000   0.48104345   0.02664032
  0.55775000   0.47605963   0.02619216
  0.73561000   0.59602199   0.03726321
  0.26199000   0.24376823   0.00809945
  0.76159000   0.61243942   0.03880086
  0.85852000   0.67140419   0.04430245
  0.55875000   0.47677298   0.02625621
  0.48072000   0.41970975   0.02124693
  0.92224000   0.70830727   0.04770128
  0.47572000   0.41595484   0.02092663
  0.89320000   0.69166449   0.04617446
  0.63190000   0.52773204   0.03090177
  0.73602000   0.59628317   0.03728767
  0.41865000   0.37223347   0.01730080
  0.53578000   0.46027118   0.02478285
  0.73501000   0.59563966   0.03722741
  0.60987000   0.51263580   0.02951286
  0.70198000   0.57436782   0.03523706
  0.98330000   0.74237897   0.05078869
  0.75905000   0.61084609   0.03865164
  0.64364000   0.53569053   0.03163739
  0.51559000   0.44556401   0.02348567
  0.80569000   0.63970474   0.04135159
  0.80070000   0.63665696   0.04106686
  0.71565000   0.58322534   0.03606532
  0.76668000   0.61562474   0.03909915
  0.90173000   0.69658311   0.04662681
  0.71868000   0.58517830   0.03624806
  0.57960000   0.49154236   0.02758915
  0.96074000   0.72993275   0.04966747
  0.64864000   0.53906192   0.03194965
  0.93675000   0.71651546   0.04845010
  0.46156000   0.40525537   0.02002122
  0.67065000   0.55377567   0.03331625
  0.24649000   0.23036419   0.00729607
  0.63822000   0.53202376   0.03129819
  0.53532000   0.45993822   0.02475331
  0.77307000   0.61960929   0.03947222
  0.37050000   0.33408782   0.01431707
  0.69916000   0.57253104   0.03506543
  0.37350000   0.33649868   0.01450008
  0.85298000   0.66812798   0.04399856
  0.60326000   0.50806454   0.02909416
  0.53433000   0.45922130   0.02468973
  0.40048000   0.35797566   0.01616420
  0.37150000   0.33489195   0.01437802
  0.83999000   0.66040246   0.04328086
  0.53278000   0.45809792   0.02459018
  0.93225000   0.71397741   0.04821887
  0.55381000   0.47324458   0.02593970
  0.84214000   0.66168537   0.04340015
  0.72767000   0.59095081   0.03678837
  0.44255000   0.39073772   0.01881086
  0.28251000   0.26131859   0.00920157
  0.51961000   0.44850757   0.02374401
  1.06080000   0.78392154   0.05446671
  0.26849000   0.24935154   0.00844401
  0.25050000   0.23384412   0.00750136
  0.69816000   0.57187891   0.03500450
  0.73012000   0.59251830   0.03693513
  0.99781000   0.75029808   0.05149776
  0.40946000   0.36504279   0.01672453
  0.12679000   0.12254409   0.00220628
  0.25577000   0.23840457   0.00777390
  0.08859000   0.08652293   0.00112311
  0.11782000   0.11415582   0.00192403
  0.18356000   0.17463368   0.00434230
  0.14055000   0.13532803   0.00267032
  0.15171000   0.14562196   0.00307305
  0.09400000   0.09167175   0.00125704
  0.28631000   0.26454438   0.00941013
  0.26318000   0.24479207   0.00816220
  0.14167000   0.13636413   0.00270969
  0.16053000   0.15371032   0.00340727
  0.12290000   0.11891165   0.00208187
  0.12620000   0.12199368   0.00218722
  0.17331000   0.16535632   0.00391536
  0.16448000   0.15731916   0.00356135
  0.16018000   0.15339015   0.00339374
  0.24488000   0.22896462   0.00721416
  0.24805000   0.23171899   0.00737572
  0.27511000   0.25501505   0.00879933
  0.33015000   0.30121465   0.01190409
  0.33070000   0.30166836   0.01193630
  0.16040000   0.15359140   0.00340224
  0.21861000   0.20593384   0.00592192
  0.12005000   0.11624522   0.00199266
  0.17818000   0.16977120   0.00411610
  0.27900000   0.25833225   0.00901012
  0.18562000   0.17649143   0.00443011
  0.06641000   0.06525064   0.00064650
  0.25769000   0.24006241   0.00787395
  0.27946000   0.25872399   0.00903515
  0.26550000   0.24678598   0.00828497
  0.18478000   0.17573417   0.00439422
  0.05715000   0.05629215   0.00048359
  0.32601000   0.29779442   0.01166228
  0.10902000   0.10588469   0.00166333
  0.20299000   0.19206589   0.00519613
  0.37949000   0.34129870   0.01486678
  0.21198000   0.20006339   0.00560976
  0.21327000   0.20120744   0.00567003
  0.14393000   0.13845277   0.00278986
  0.25218000   0.23529952   0.00758791
  0.25641000   0.23895740   0.00780720
  0.21860000   0.20592501   0.00592144
  0.07883000   0.07719464   0.00089876
  0.08328000   0.08145411   0.00099826
  0.17008000   0.16242118   0.00378435
  0.23643000   0.22159651   0.00678925
  0.30538000   0.28061860   0.01047607
  0.08286000   0.08105254   0.00098867
  0.18905000   0.17957963   0.00457778
  0.08162000   0.07986642   0.00096059
  0.25626000   0.23882785   0.00779939
  0.12631000   0.12209631   0.00219077
  0.10280000   0.10001353   0.00148904
  0.12440000   0.12031330   0.00212948
  0.37003000   0.33370971   0.01428844
  0.20192000   0.19111115   0.00514766
  0.18004000   0.17145403   0.00419378
  0.16163000   0.15471615   0.00344990
  0.22644000   0.21283670   0.00629805
  0.29649000   0.27314881   0.00997526
  0.24999000   0.23340201   0.00747515
  0.14864000   0.14279686   0.00295998
  0.14711000   0.14138702   0.00290427
  0.21490000   0.20265175   0.00574651
  0.14462000   0.13908991   0.00281452
  0.13226000   0.12763822   0.00238634
  0.21950000   0.20672010   0.00596427
  0.38447000   0.34527552   0.01517291
  0.17420000   0.16616409   0.00395175
  0.17772000   0.16935473   0.00409698
  0.29911000   0.27535455   0.01012217
  0.11870000   0.11498065   0.00195099
  0.17685000   0.16856675   0.00406090
  0.24526000   0.22929507   0.00723347
  0.19590000   0.18572824   0.00487804
  0.24832000   0.23195335   0.00738953
  0.30617000   0.28128040   0.01052089
  0.24616000   0.23007743   0.00727926
  0.13527000   0.13043455   0.00248792
  0.21028000   0.19855437   0.00553068
  0.23603000   0.22124678   0.00676934
  0.17831000   0.16988888   0.00412152
  0.22043000   0.20754125   0.00600863
  0.31468000   0.28838882   0.01100682
  0.18460000   0.17557186   0.00438655
  0.26110000   0.24300201   0.00805262
  0.18122000   0.17252067   0.00424335
  0.38003000   0.34173053   0.01489992
  0.18460000   0.17557186   0.00438655
  0.20824000   0.19674152   0.00543631
  0.17746000   0.16911929   0.00408618
  0.31555000   0.28911341   0.01105681
  0.24954000   0.23301180   0.00745205
  0.20324000   0.19228888   0.00520748
  0.12347000   0.11944442   0.00209991
  0.20314000   0.19219969   0.00520294
  0.15352000   0.14728521   0.00314051
  0.33398000   0.30437089   0.01212883
  0.19582000   0.18565658   0.00487450
  0.24943000   0.23291639   0.00744641
  0.15490000   0.14855215   0.00319233
  0.15625000   0.14979056   0.00324336
  0.15819000   0.15156849   0.00331726
  0.30900000   0.28364849   0.01068185
  0.24828000   0.23191863   0.00738748
  0.18484000   0.17578828   0.00439678
  0.18353000   0.17460661   0.00434102
  0.18212000   0.17333372   0.00428130
  0.17675000   0.16847615   0.00405676
  0.17748000   0.16913740   0.00408701
  0.07180000   0.07044415   0.00075131
  0.13796000   0.13292950   0.00258018
  0.16941000   0.16181164   0.00375739
  0.24527000   0.22930377   0.00723398
  0.14406000   0.13857283   0.00279450
  0.25163000   0.23482322   0.00755954
  0.03743000   0.03706275   0.00021188
  0.27716000   0.25676418   0.00891023
  0.28712000   0.26523100   0.00945475
  0.19845000   0.18801074   0.00499160
  0.16031000   0.15350907   0.00339876
  0.21053000   0.19877638   0.00554228
  0.23753000   0.22255781   0.00684408
  0.15499000   0.14863474   0.00319573
  0.09390000   0.09157672   0.00125451
  0.15253000   0.14637570   0.00310354
  0.25693000   0.23940642   0.00783430
  0.21231000   0.20035613   0.00562515
  0.24583000   0.22979062   0.00726246
  0.13679000   0.13184481   0.00253988
  0.32529000   0.29719869   0.01162035
  0.10643000   0.10344245   0.00158973
  0.40080000   0.35822819   0.01618412
  0.18910000   0.17962460   0.00457995
  0.19731000   0.18699076   0.00494072
  0.12783000   0.12351386   0.00224006
  0.12291000   0.11892100   0.00208218
  0.12687000   0.12261871   0.00220887
  0.21311000   0.20106559   0.00566254
  0.21075000   0.19897172   0.00555250
  0.26826000   0.24915435   0.00843174
  0.20431000   0.19324286   0.00525615
  0.26991000   0.25056831   0.00851985
  0.24162000   0.22612649   0.00704923
  0.29080000   0.26834614   0.00965825
  0.35306000   0.31998185   0.01326245
  0.28509000   0.26350956   0.00934302
  0.21929000   0.20653462   0.00595426
  0.17537000   0.16722535   0.00399980
  0.23517000   0.22049458   0.00672662
  0.15298000   0.14678918   0.00312032
  0.20982000   0.19814578   0.00550935
  0.29121000   0.26869277   0.00968100
  0.31353000   0.28743043   0.01094082
  0.13672000   0.13177989   0.00253748
  0.29532000   0.27216265   0.00990985
  0.30369000   0.27920176   0.01038036
  0.20532000   0.19414279   0.00530224
  0.12175000   0.11783625   0.00204567
  0.17424000   0.16620039   0.00395339
  0.24862000   0.23221369   0.00740489
  0.24530000   0.22932985   0.00723550
  0.13816000   0.13311484   0.00258710
  0.24288000   0.22722410   0.00711283
  0.24237000   0.22677993   0.00708707
  0.31437000   0.28813054   0.01098902
  0.27540000   0.25526262   0.00881499
  0.30004000   0.27613664   0.01017445
  0.21735000   0.20481999   0.00586214
  0.20311000   0.19217293   0.00520158
  0.19005000   0.18047880   0.00462118
  0.29003000   0.26769492   0.00961557
  0.22796000   0.21417294   0.00637199
  0.31032000   0.28475161   0.01075715
  0.13712000   0.13215082   0.00255122
  0.08798000   0.08594140   0.00110844
  0.08534000   0.08342233   0.00104591
  0.19024000   0.18064958   0.00462944
  0.09278000   0.09051201   0.00122625
  0.12891000   0.12452032   0.00227536
  0.26136000   0.24322590   0.00806629
  0.26132000   0.24319145   0.00806418
  0.19570000   0.18554907   0.00486918
  0.14723000   0.14149764   0.00290862
  0.21154000   0.19967297   0.00558925
  0.17972000   0.17116464   0.00418038
  0.19070000   0.18106298   0.00464946
  0.33850000   0.30808601   0.01239531
  0.11762000   0.11396829   0.00191792
  0.28854000   0.26643388   0.00953313
  0.26377000   0.24529941   0.00819337
  0.24931000   0.23281231   0.00744025
  0.22939000   0.21542895   0.00644181
  0.08575000   0.08381379   0.00105552
  0.27631000   0.25603920   0.00886420
  0.36165000   0.32694909   0.01377986
  0.30006000   0.27615345   0.01017558
  0.11659000   0.11300223   0.00188661
  0.15474000   0.14840531   0.00318631
  0.25010000   0.23349738   0.00748080
  0.25149000   0.23470195   0.00755233
  0.12941000   0.12498606   0.00229179
  0.30894000   0.28359833   0.01067843
  0.29859000   0.27491705   0.01009296
  0.27057000   0.25113349   0.00855518
  0.29318000   0.27035705   0.00979051
  0.18988000   0.18032598   0.00461379
  0.12368000   0.11964066   0.00210657
  0.31262000   0.28667156   0.01088867
  0.30880000   0.28348127   0.01067045
  0.20244000   0.19157521   0.00517119
  0.21139000   0.19953984   0.00558227
  0.17870000   0.17024186   0.00413777
  0.30317000   0.27876551   0.01035096
  0.21432000   0.20213798   0.00571925
  0.32007000   0.29287163   0.01131747
  0.21791000   0.20531514   0.00588868
  0.07523000   0.07374106   0.00082175
  0.25740000   0.23981213   0.00785881
  0.18446000   0.17544560   0.00438058
  0.11639000   0.11281458   0.00188056
  0.06481000   0.06370599   0.00061679
  0.10298000   0.10018372   0.00149397
  0.04437000   0.04385357   0.00029552
  0.16576000   0.15848681   0.00361186
  0.16799000   0.16051899   0.00370051
  0.17043000   0.16273949   0.00379846
  0.12029000   0.11646993   0.00200011
  0.13855000   0.13347620   0.00260060
  0.23353000   0.21905908   0.00664539
  0.24615000   0.23006874   0.00727875
  0.22259000   0.20944665   0.00611211
  0.17893000   0.17044998   0.00414736
  0.19694000   0.18665956   0.00492424
  0.22889000   0.21498991   0.00641737
  0.26419000   0.24566046   0.00821558
  0.10340000   0.10058078   0.00150549
  0.21313000   0.20108332   0.00566348
  0.15680000   0.15029481   0.00326425
  0.24317000   0.22747661   0.00712749
  0.23823000   0.22316922   0.00687905
  0.20827000   0.19676820   0.00543769
  0.25085000   0.23414745   0.00751937
  0.22510000   0.21165768   0.00623312
  0.28707000   0.26518863   0.00945200
  0.32944000   0.30062872   0.01186253
  0.24575000   0.22972108   0.00725839
  0.11981000   0.11602048   0.00198523
  0.32891000   0.30019116   0.01183154
  0.21037000   0.19863430   0.00553486
  0.20284000   0.19193209   0.00518933
  0.28403000   0.26260981   0.00928483
  0.18046000   0.17183377   0.00421140
  0.26043000   0.24242492   0.00801741
  0.14774000   0.14196769   0.00292716
  0.32753000   0.29905118   0.01175092
  0.24177000   0.22625720   0.00705679
  0.22308000   0.20987855   0.00613567
  0.18261000   0.17377619   0.00430202
  0.15286000   0.14667893   0.00311584
  0.13806000   0.13302217   0.00258364
  0.20710000   0.19572749   0.00538383
  0.20291000   0.19199453   0.00519250
  0.19777000   0.18740241   0.00496123
  0.22230000   0.20919098   0.00609818
  0.27307000   0.25327226   0.00868937
  0.18628000   0.17708615   0.00445838
  0.15933000   0.15261231   0.00336099
  0.21911000   0.20637561   0.00594570
  0.17354000   0.16556511   0.00392475
  0.24410000   0.22828607   0.00717459
  0.13366000   0.12893944   0.00243336
  0.28313000   0.26184542   0.00923550
  0.17365000   0.16566496   0.00392925
  0.19630000   0.18608651   0.00489579
  0.36924000   0.33307390   0.01424034
  0.20562000   0.19441000   0.00531596
  0.17371000   0.16571941   0.00393170
  0.12672000   0.12247880   0.00220402
  0.28400000   0.26258434   0.00928319
  0.19358000   0.18364860   0.00477556
  0.10036000   0.09770472   0.00142299
  0.37386000   0.33678768   0.01452207
  0.11787000   0.11420269   0.00192556
  0.19190000   0.18214086   0.00470185
  0.23657000   0.22171889   0.00679622
  0.15881000   0.15213627   0.00334101
  0.07877000   0.07713714   0.00089745
  0.13847000   0.13340208   0.00259783
  0.23359000   0.21911162   0.00664835
  0.15670000   0.15020314   0.00326045
  0.08833000   0.08627509   0.00111685
  0.12995000   0.12548890   0.00230958
  0.18223000   0.17343306   0.00428595
  0.25654000   0.23906967   0.00781397
  0.21651000   0.20407695   0.00582240
  0.14519000   0.13961604   0.00283497
  0.13653000   0.13160367   0.00253096
  0.20493000   0.19379536   0.00528443
  0.36939000   0.33319464   0.01424947
  0.12924000   0.12482772   0.00228620
  0.26658000   0.24771321   0.00834231
  0.27805000   0.25752287   0.00895851
  0.17461000   0.16653607   0.00396857
  0.11376000   0.11034496   0.00180172
  0.11229000   0.10896300   0.00175829
  0.15333000   0.14711070   0.00313340
  0.19650000   0.18626561   0.00490468
  0.18914000   0.17966058   0.00458168
  0.17708000   0.16877511   0.00407042
  0.21731000   0.20478462   0.00586024
  0.18542000   0.17631116   0.00442156
  0.16382000   0.15671674   0.00353542
  0.25690000   0.23938051   0.00783273
  0.12180000   0.11788302   0.00204724
  0.16514000   0.15792134   0.00358736
  0.19840000   0.18796602   0.00498937
  0.26828000   0.24917150   0.00843281
  0.40078000   0.35821240   0.01618287
  0.14566000   0.14004975   0.00285187
  0.05573000   0.05491436   0.00046056
  0.22425000   0.21090930   0.00619205
  0.28622000   0.26446806   0.00940517
  0.18365000   0.17471489   0.00434612
  0.10360000   0.10076982   0.00151099
  0.33096000   0.30188279   0.01195153
  0.21840000   0.20574826   0.00591194
  0.26327000   0.24486947   0.00816695
  0.16267000   0.15566652   0.00349041
  0.10689000   0.10387647   0.00160270
  0.16503000   0.15782099   0.00358302
  0.10757000   0.10451786   0.00162195
  0.12913000   0.12472526   0.00228258
  0.05948000   0.05855057   0.00052251
  0.04093000   0.04049070   0.00025241
  0.01705000   0.01697397   0.00004493
  0.01531000   0.01524871   0.00003629
  0.01472000   0.01466334   0.00003357
  0.02673000   0.02654292   0.00010930
  0.01732000   0.01724154   0.00004635
  0.04437000   0.04385357   0.00029552
  0.01567000   0.01560579   0.00003801
  0.02477000   0.02460939   0.00009405
  0.03800000   0.03762146   0.00021825
  0.02990000   0.02966584   0.00013630
  0.01012000   0.01009323   0.00001595
  0.02580000   0.02562573   0.00010192
  0.01038000   0.01035184   0.00001677
  0.03791000   0.03753325   0.00021723
  0.03507000   0.03474768   0.00018647
  0.01268000   0.01263797   0.00002497
  0.02525000   0.02508309   0.00009768
  0.01908000   0.01898476   0.00005614
  0.03489000   0.03457099   0.00018460
  0.02950000   0.02927207   0.00013273
  0.03416000   0.03385422   0.00017709
  0.04067000   0.04023627   0.00024928
  0.07515000   0.07366424   0.00082007
  0.05581000   0.05499201   0.00046185
  0.02529000   0.02512256   0.00009799
  0.03501000   0.03468878   0.00018585
  0.02846000   0.02824788   0.00012367
  0.03280000   0.03251812   0.00016351
  0.03378000   0.03348100   0.00017324
  0.04597000   0.04541556   0.00031668
  0.04341000   0.04291572   0.00028317
  0.05684000   0.05599146   0.00047852
  0.02024000   0.02013281   0.00006310
  0.03191000   0.03164324   0.00015490
  0.04150000   0.04104835   0.00025933
  0.02639000   0.02620766   0.00010657
  0.02651000   0.02632599   0.00010753
  0.02689000   0.02670067   0.00011059
  0.02349000   0.02334558   0.00008470
  0.05067000   0.04999608   0.00038280
  0.04093000   0.04049070   0.00025241
  0.06877000   0.06752651   0.00069150
  0.01754000   0.01745953   0.00004752
  0.02557000   0.02539883   0.00010014
  0.02189000   0.02176460   0.00007368
  0.03155000   0.03128923   0.00015149
  0.06845000   0.06721809   0.00068532
  0.02249000   0.02235763   0.00007772
  0.04949000   0.04884718   0.00036565
  0.03161000   0.03134824   0.00015205
  0.03434000   0.03403098   0.00017893
  0.04486000   0.04433208   0.00030193
  0.01531000   0.01524871   0.00003629
  0.03048000   0.03023665   0.00014155
  0.03837000   0.03798403   0.00022243
  0.03682000   0.03646465   0.00020516
  0.02210000   0.02197218   0.00007508
  0.01402000   0.01396861   0.00003048
  0.05890000   0.05798866   0.00051269
  0.05895000   0.05803711   0.00051354
  0.06888000   0.06763251   0.00069363
  0.02040000   0.02029111   0.00006409
  0.02894000   0.02872065   0.00012781
  0.02384000   0.02369123   0.00008721
  0.01451000   0.01445495   0.00003263
  0.03292000   0.03263605   0.00016469
  0.06455000   0.06345486   0.00061203
  0.01663000   0.01655767   0.00004276
  0.05359000   0.05283596   0.00042685
  0.03163000   0.03136791   0.00015224
  0.02751000   0.02731183   0.00011567
  0.02559000   0.02541856   0.00010029
  0.02401000   0.02385910   0.00008844
  0.03713000   0.03676862   0.00020856
  0.03408000   0.03377565   0.00017628
  0.02454000   0.02438236   0.00009234
  0.01697000   0.01689468   0.00004451
  0.01629000   0.01622060   0.00004105
  0.03184000   0.03157441   0.00015424
  0.03700000   0.03664116   0.00020713
  0.02932000   0.02909485   0.00013114
  0.01740000   0.01732081   0.00004678
  0.03578000   0.03544447   0.00019395
  0.02845000   0.02823803   0.00012359
  0.05035000   0.04968459   0.00037811
  0.04269000   0.04221202   0.00027406
  0.03212000   0.03184971   0.00015691
  0.02752000   0.02732168   0.00011575
  0.03049000   0.03024649   0.00014164
  0.01724000   0.01716226   0.00004593
  0.07063000   0.06931811   0.00072795
  0.05344000   0.05269018   0.00042454
  0.02878000   0.02856308   0.00012643
  0.03518000   0.03485565   0.00018762
  0.03348000   0.03318629   0.00017024
  0.04651000   0.04594243   0.00032397
  0.06119000   0.06020621   0.00055197
  0.04714000   0.04655691   0.00033258
  0.02120000   0.02108239   0.00006916
  0.04028000   0.03985457   0.00024462
  0.03863000   0.03823878   0.00022539
  0.03314000   0.03285224   0.00016686
  0.02414000   0.02398746   0.00008939
  0.02837000   0.02815922   0.00012290
  0.01043000   0.01040157   0.00001693
  0.02038000   0.02027132   0.00006397
  0.04710000   0.04651791   0.00033203
  0.03984000   0.03942383   0.00023942
  0.01220000   0.01216109   0.00002312
  0.01271000   0.01266777   0.00002508
  0.01763000   0.01754870   0.00004801
  0.02171000   0.02158666   0.00007249
  0.01572000   0.01565538   0.00003825
  0.01972000   0.01961826   0.00005993
  0.01678000   0.01670636   0.00004353
  0.01226000   0.01222071   0.00002335
  0.05322000   0.05247636   0.00042115
  0.03055000   0.03030553   0.00014219
  0.03001000   0.02977411   0.00013728
  0.01506000   0.01500069   0.00003513
  0.01530000   0.01523879   0.00003625
  0.04713000   0.04654716   0.00033245
  0.03411000   0.03380512   0.00017658
  0.01520000   0.01513958   0.00003578
  0.01504000   0.01498085   0.00003504
  0.02763000   0.02743009   0.00011667
  0.03359000   0.03329436   0.00017134
  0.01447000   0.01441525   0.00003245
  0.02547000   0.02530017   0.00009937
  0.01082000   0.01078940   0.00001821
  0.01741000   0.01733072   0.00004683
  0.02031000   0.02020207   0.00006353
  0.04819000   0.04758059   0.00034717
  0.02223000   0.02210067   0.00007596
  0.02811000   0.02790307   0.00012070
  0.05458000   0.05379776   0.00044230
  0.05721000   0.05635035   0.00048458
  0.02091000   0.02079559   0.00006730
  0.01454000   0.01448472   0.00003276
  0.04310000   0.04261277   0.00027923
  0.03273000   0.03244933   0.00016282
  0.03399000   0.03368726   0.00017537
  0.01382000   0.01377006   0.00002962
  0.05092000   0.05023940   0.00038649
  0.01752000   0.01743971   0.00004742
  0.02482000   0.02465874   0.00009443
  0.02880000   0.02858278   0.00012660
  0.01568000   0.01561570   0.00003805
  0.02197000   0.02184368   0.00007421
  0.03426000   0.03395242   0.00017811
  0.01698000   0.01690459   0.00004456
  0.02752000   0.02732168   0.00011575
  0.03438000   0.03407026   0.00017934
  0.01318000   0.01313459   0.00002696
  0.01726000   0.01718208   0.00004603
  0.01209000   0.01205179   0.00002271
  0.05418000   0.05340922   0.00043603
  0.01970000   0.01959846   0.00005981
  0.01662000   0.01654776   0.00004271
  0.02398000   0.02382948   0.00008822
  0.03144000   0.03118105   0.00015045
  0.01291000   0.01286643   0.00002587
  0.03827000   0.03788605   0.00022129
  0.01532000   0.01525863   0.00003634
  0.02643000   0.02624710   0.00010689
  0.02020000   0.02009324   0.00006285
  0.03730000   0.03693530   0.00021044
  0.02348000   0.02333570   0.00008463
  0.01635000   0.01628009   0.00004135
  0.02275000   0.02261454   0.00007951
  0.23027000   0.21620133   0.00648490
  0.38164000   0.34301714   0.01499880
  0.25340000   0.23635548   0.00765096
  0.15269000   0.14652272   0.00310950
  0.43673000   0.38625765   0.01844180
  0.10242000   0.09965417   0.00147867
  0.37164000   0.33500449   0.01438656
  0.46664000   0.40910506   0.02034573
  0.19602000   0.18583573   0.00488337
  0.31156000   0.28578705   0.01082800
  0.03220000   0.03192836   0.00015768
  0.10989000   0.10670424   0.00168837
  0.22562000   0.21211533   0.00625829
  0.26051000   0.24249384   0.00802161
  0.22556000   0.21206253   0.00625539
  0.44758000   0.39459625   0.01913044
  0.44007000   0.38883072   0.01865350
  0.33742000   0.30719929   0.01233152
  0.52851000   0.45499741   0.02431588
  0.57613000   0.48909803   0.02736770
  0.38775000   0.34788795   0.01537513
  0.36001000   0.32562182   0.01368076
  0.34701000   0.31505209   0.01290057
  0.43927000   0.38821492   0.01860277
  0.34923000   0.31686321   0.01303311
  0.43015000   0.38117244   0.01802552
  0.50818000   0.44011824   0.02300952
  0.28845000   0.26635767   0.00952816
  0.17281000   0.16490233   0.00389496
  0.31774000   0.29093564   0.01118291
  0.27509000   0.25499797   0.00879825
  0.10293000   0.10013645   0.00149260
  0.20584000   0.19460591   0.00532603
  0.26460000   0.24601282   0.00823728
  0.23466000   0.22004833   0.00670132
  0.21434000   0.20215570   0.00572019
  0.42784000   0.37938213   0.01787965
  0.40214000   0.35928510   0.01626756
  0.32218000   0.29462239   0.01143966
  0.45173000   0.39777041   0.01939449
  0.16139000   0.15449675   0.00344058
  0.35161000   0.31880205   0.01317552
  0.24900000   0.23254340   0.00742436
  0.08223000   0.08045001   0.00097436
  0.10588000   0.10292337   0.00157429
  0.33293000   0.30350636   0.01206712
  0.10227000   0.09951229   0.00147458
  0.29282000   0.27005307   0.00977047
  0.13269000   0.12803799   0.00240074
  0.27088000   0.25139888   0.00857178
  0.10044000   0.09778047   0.00142513
  0.35363000   0.32044534   0.01329666
  0.42353000   0.37603471   0.01760787
  0.30012000   0.27620389   0.01017895
  0.14761000   0.14184789   0.00292243
  0.22853000   0.21467372   0.00639979
  0.13880000   0.13370779   0.00260928
  0.14343000   0.13799091   0.00277204
  0.09201000   0.08977964   0.00120700
  0.15680000   0.15029481   0.00326425
  0.23851000   0.22341371   0.00689305
  0.14949000   0.14357956   0.00299111
  0.50718000   0.43938133   0.02294527
  0.25249000   0.23556791   0.00760391
  0.28397000   0.26255887   0.00928154
  0.23680000   0.22191992   0.00680767
  0.34092000   0.31007076   0.01253853
  0.26388000   0.24539398   0.00819919
  0.34872000   0.31644736   0.01300264
  0.32095000   0.29360208   0.01136839
  0.13523000   0.13039742   0.00248656
  0.30666000   0.28169073   0.01054871
  0.23362000   0.21913789   0.00664984
  0.30078000   0.27675862   0.01021611
  0.36783000   0.33193831   0.01415457
  0.16940000   0.16180254   0.00375699
  0.07976000   0.07808569   0.00091917
  0.18060000   0.17196033   0.00421728
  0.18071000   0.17205976   0.00422190
  0.23086000   0.21671895   0.00651385
  0.04582000   0.04526919   0.00031466
  0.22146000   0.20845015   0.00605790
  0.20073000   0.19004862   0.00509395
  0.07550000   0.07400032   0.00082742
  0.02627000   0.02608931   0.00010562
  0.19141000   0.18170081   0.00468043
  0.17770000   0.16933662   0.00409615
  0.18542000   0.17631116   0.00442156
  0.34931000   0.31692843   0.01303789
  0.27131000   0.25176691   0.00859483
  0.29212000   0.26946180   0.00973154
  0.37051000   0.33409587   0.01431768
  0.09641000   0.09396037   0.00131885
  0.18058000   0.17194225   0.00421644
  0.27446000   0.25445998   0.00876425
  0.24510000   0.22915594   0.00722534
  0.36135000   0.32670640   0.01376172
  0.23152000   0.21729776   0.00654628
  0.14648000   0.14080614   0.00288145
  0.15948000   0.15274960   0.00336676
  0.41929000   0.37273266   0.01734103
  0.31894000   0.29193307   0.01125216
  0.51941000   0.44836130   0.02373116
  0.15069000   0.14468389   0.00303529
  0.30249000   0.27819482   0.01031254
  0.21073000   0.19895397   0.00555157
  0.23943000   0.22421674   0.00693913
  0.33180000   0.30257532   0.01200079
  0.20072000   0.19003969   0.00509350
  0.36082000   0.32627753   0.01372969
  0.24275000   0.22711090   0.00710626
  0.22146000   0.20845015   0.00605790
  0.12068000   0.11683501   0.00201224
  0.34160000   0.31062791   0.01257884
  0.25051000   0.23385279   0.00750188
  0.38054000   0.34213823   0.01493123
  0.31079000   0.28514417   0.01078399
  0.19940000   0.18886019   0.00503416
  0.24001000   0.22472276   0.00696824
  0.50275000   0.43611111   0.02266067
  0.37013000   0.33379017   0.01429453
  0.27001000   0.25065396   0.00852520
  0.26312000   0.24474047   0.00815904
  0.26801000   0.24893999   0.00841841
  0.30801000   0.28282055   0.01062547
  0.25001000   0.23341935   0.00747618
  0.28051000   0.25961777   0.00909234
  0.31480000   0.28848879   0.01101371
  0.32840000   0.29976998   0.01180173
  0.32944000   0.30062872   0.01186253
  0.25848000   0.24074398   0.00791523
  0.22448000   0.21111184   0.00620316
  0.21079000   0.19900724   0.00555436
  0.38734000   0.34756169   0.01534983
  0.30642000   0.28148977   0.01053508
  0.36491000   0.32958337   0.01397727
  0.24880000   0.23236988   0.00741411
  0.29880000   0.27509375   0.01010475
  0.12365000   0.11961263   0.00210562
  0.33159000   0.30240222   0.01198847
  0.38246000   0.34367193   0.01504921
  0.24074000   0.22535941   0.00700492
  0.17144000   0.16365770   0.00383930
  0.20880000   0.19723939   0.00546216
  0.28960000   0.26733112   0.00959176
  0.24599000   0.22992969   0.00727060
  0.13659000   0.13165932   0.00253302
  0.15062000   0.14461949   0.00303271
  0.11870000   0.11498065   0.00195099
  0.24494000   0.22901680   0.00721721
  0.35070000   0.31806107   0.01312103
  0.61992000   0.51954905   0.03014777
  0.21986000   0.20703802   0.00598143
  0.09929000   0.09669125   0.00139443
  0.40996000   0.36543509   0.01675581
  0.50276000   0.43611851   0.02266131
  0.38171000   0.34307305   0.01500311
  0.27989000   0.25909009   0.00905856
  0.23071000   0.21658737   0.00650649
  0.42693000   0.37867614   0.01782222
  0.55014000   0.47061602   0.02570441
  0.32531000   0.29721524   0.01162152
  0.35092000   0.31824024   0.01313420
  0.32832000   0.29970390   0.01179705
  0.45059000   0.39689931   0.01932192
  0.06441000   0.06331962   0.00060947
  0.06559000   0.06445917   0.00063120
  0.31811000   0.29124326   0.01120425
  0.14539000   0.13980061   0.00284215
  0.13947000   0.13432831   0.00263258
  0.42967000   0.38080065   0.01799520
  0.21641000   0.20398847   0.00581768
  0.36616000   0.33059201   0.01405312
  0.38083000   0.34237000   0.01494904
  0.42086000   0.37395640   0.01743977
  0.19958000   0.18902109   0.00504223
  0.51090000   0.44212024   0.02318429
  0.42696000   0.37869942   0.01782412
  0.31579000   0.28931323   0.01107061
  0.57824000   0.49058500   0.02750238
  0.48176000   0.42048926   0.02131359
  0.39267000   0.35179640   0.01567933
  0.17359000   0.16561049   0.00392679
  0.33059000   0.30157763   0.01192985
  0.29948000   0.27566575   0.01014296
  0.22943000   0.21546406   0.00644376
  0.29291000   0.27012907   0.00977548
  0.20861000   0.19707049   0.00545338
  0.27509000   0.25499797   0.00879825
  0.30337000   0.27893332   0.01036226
  0.35902000   0.32481994   0.01362101
  0.36020000   0.32577566   0.01369223
  0.34902000   0.31669199   0.01302056
  0.63056000   0.52681986   0.03081759
  0.32092000   0.29357719   0.01136665
  0.51002000   0.44147292   0.02312775
  0.36646000   0.33083396   0.01407133
  0.13823000   0.13317971   0.00258952
  0.17920000   0.17069427   0.00415863
  0.17157000   0.16377585   0.00384457
  0.27047000   0.25104787   0.00854982
  0.34688000   0.31494596   0.01289282
  0.47942000   0.41873463   0.02116363
  0.31894000   0.29193307   0.01125216
  0.51879000   0.44790776   0.02369131
  0.37990000   0.34162658   0.01489194
  0.37089000   0.33440149   0.01434084
  0.18152000   0.17279174   0.00425599
  0.22374000   0.21046009   0.00616745
  0.14135000   0.13606817   0.00269842
  0.30567000   0.28086158   0.01049251
  0.40471000   0.36130964   0.01642778
  0.28578000   0.26409492   0.00938096
  0.30156000   0.27741392   0.01026007
  0.26388000   0.24539398   0.00819919
  0.50091000   0.43475009   0.02254248
  0.30525000   0.28050967   0.01046870
  0.38598000   0.34647887   0.01526595
  0.19860000   0.18814489   0.00499831
  0.09121000   0.08901840   0.00118713
  0.47796000   0.41763853   0.02107009
  0.33159000   0.30240222   0.01198847
  0.47175000   0.41296485   0.02067252
  0.33081000   0.30175908   0.01194274
  0.26088000   0.24281255   0.00804105
  0.07141000   0.07006888   0.00074349
  0.18141000   0.17269235   0.00425135
  0.33829000   0.30791364   0.01238290
  0.12211000   0.11817297   0.00205698
  0.25012000   0.23351472   0.00748183
  0.16046000   0.15364629   0.00340456
  0.29843000   0.27478241   0.01008398
  0.38887000   0.34877875   0.01544429
  0.29245000   0.26974058   0.00974989
  0.32841000   0.29977824   0.01180231
  0.30549000   0.28071077   0.01048230
  0.28546000   0.26382348   0.00936336
  0.42886000   0.38017298   0.01794404
  0.17967000   0.17111942   0.00417829
  0.18959000   0.18006525   0.00460120
  0.24849000   0.23210088   0.00739823
  0.40927000   0.36489368   0.01671264
  0.24146000   0.22598705   0.00704117
  0.33748000   0.30724857   0.01233506
  0.07060000   0.06928923   0.00072735
  0.34546000   0.31378607   0.01280821
  0.33060000   0.30158588   0.01193044
  0.05495000   0.05415710   0.00044814
  0.42359000   0.37608138   0.01761165
  0.10720000   0.10416890   0.00161146
  0.28540000   0.26377258   0.00936006
  0.32553000   0.29739729   0.01163432
  0.33493000   0.30515260   0.01218473
  0.29090000   0.26843070   0.00966380
  0.44058000   0.38922313   0.01868585
  0.24111000   0.22568198   0.00702354
  0.46101000   0.40483782   0.01998611
  0.11944000   0.11567394   0.00197379
  0.54539000   0.46720472   0.02539973
  0.41155000   0.36668180   0.01685534
  0.26848000   0.24934296   0.00844347
  0.04976000   0.04911013   0.00036954
  0.41131000   0.36649370   0.01684031
  0.07369000   0.07226159   0.00078977
  0.31841000   0.29149263   0.01122156
  0.41930000   0.37274046   0.01734166
  0.42028000   0.37350446   0.01740329
  0.43885000   0.38789149   0.01857614
  0.48040000   0.41946980   0.02122643
  0.19980000   0.18921771   0.00505211
  0.30143000   0.27730472   0.01025274
  0.29020000   0.26783872   0.00962499
  0.30920000   0.28381569   0.01069325
  0.29560000   0.27239872   0.00992549
  0.33848000   0.30806960   0.01239413
  0.37860000   0.34058666   0.01481219
  0.08960000   0.08748536   0.00114760
  0.45070000   0.39698339   0.01932893
  0.46040000   0.40437455   0.01994718
  1.20600000   0.85709909   0.06065247
  1.33000000   0.91534931   0.06525830
  1.54000000   1.00656785   0.07184550
  1.55000000   1.01070901   0.07212651
  1.70000000   1.07094170   0.07605295
  1.80000000   1.10935074   0.07842149
  2.26000000   1.27341390   0.08833615
  1.91400000   1.15170969   0.08095183
  1.30000000   0.90158388   0.06419733
  1.34000000   0.91989370   0.06560473
  1.02000000   0.76228109   0.05256386
  0.73500000   0.59563329   0.03722681
  1.12000000   0.81445494   0.05709735
  1.23000000   0.86865945   0.06159036
  1.23000000   0.86865945   0.06159036
  0.85400000   0.66873201   0.04405461
  1.37000000   0.93339820   0.06662293
  0.97520000   0.73792911   0.05038876
  0.97000000   0.73506130   0.05013045
  0.74000000   0.59881497   0.03752478
  1.39000000   0.94229646   0.06728456
  1.30500000   0.90389209   0.06437645
  0.93500000   0.71552925   0.04836028
  1.01400000   0.75905604   0.05227777
  1.31500000   0.90849164   0.06473192
  1.09200000   0.80013814   0.05587217
