  0.50309000   0.43530146   0.01185384
  0.49480000   0.42916867   0.01157518
  0.67767000   0.55727242   0.01770245
  0.86650000   0.67504043   0.02368684
  0.79857000   0.63424689   0.02159374
  0.37144000   0.33401938   0.00751972
  0.35582000   0.32143724   0.00702731
  0.28360000   0.26164645   0.00485815
  0.46640000   0.40791384   0.01062392
  0.94688000   0.72118664   0.02606528
  0.69315000   0.56745488   0.01821096
  0.89693000   0.69277384   0.02460011
  0.78904000   0.62838667   0.02129433
  0.59027000   0.49788791   0.01479071
  0.21075000   0.19857983   0.00292319
  0.85852000   0.67033555   0.02344480
  0.55875000   0.47565639   0.01372956
  0.99640000   0.74853134   0.02747548
  0.58294000   0.49275735   0.01454424
  0.79656000   0.63301376   0.02153070
  0.91348000   0.70228248   0.02509028
  0.94846000   0.72207159   0.02611093
  0.73362000   0.59361461   0.01952715
  0.76560000   0.61382532   0.02055220
  0.98341000   0.74143573   0.02710967
  0.70064000   0.57234637   0.01845605
  0.83814000   0.65821549   0.02282194
  0.37060000   0.33334587   0.00749307
  0.35858000   0.32366941   0.00711382
  0.52278000   0.44973969   0.01251682
  0.70198000   0.57321907   0.01849983
  0.74613000   0.60156850   0.01992980
  0.59185000   0.49899071   0.01484381
  0.62063000   0.51888740   0.01580864
  1.00279000   0.75200191   0.02765436
  0.61064000   0.51202179   0.01547429
  0.35833000   0.32346738   0.00710598
  0.45155000   0.39664738   0.01012936
  0.55260000   0.47126689   0.01352223
  0.75068000   0.60444610   0.02007572
  0.82269000   0.64892619   0.02234531
  0.95076000   0.72335832   0.02617730
  0.34052000   0.30899337   0.00655196
  0.81072000   0.64166851   0.02197346
  0.61124000   0.51243536   0.01549438
  0.54831000   0.46819484   0.01337758
  1.02879000   0.76598973   0.02837489
  0.42244000   0.37425381   0.00916786
  0.70115000   0.57267860   0.01847271
  0.68517000   0.56221811   0.01794915
  0.93189000   0.71274917   0.02563006
  0.74909000   0.60344144   0.02002476
  0.46840000   0.40942316   0.01069070
  0.95886000   0.72787581   0.02641033
  0.84053000   0.65964465   0.02289534
  0.56276000   0.47850932   0.01386471
  0.82854000   0.65245384   0.02252623
  0.57875000   0.48981392   0.01440325
  0.86450000   0.67386341   0.02362628
  0.85851000   0.67032964   0.02344450
  0.58575000   0.49472698   0.01463875
  0.48881000   0.42471735   0.01137407
  0.68866000   0.56451159   0.01806374
  0.32454000   0.29586923   0.00606373
  0.18538000   0.17595404   0.00233050
  0.68196000   0.56010420   0.01784363
  0.92223000   0.70727156   0.02534755
  0.42866000   0.37907324   0.00937228
  0.69998000   0.57191626   0.01843448
  0.57584000   0.48776510   0.01430530
  0.51176000   0.44168111   0.01214560
  0.64191000   0.53336889   0.01651846
  0.35157000   0.31799251   0.00689455
  0.34957000   0.31636830   0.00683226
  0.35527000   0.32099197   0.00701010
  0.87217000   0.67836953   0.02385818
  0.92624000   0.70954925   0.02546502
  0.41957000   0.37202369   0.00907375
  0.89073000   0.68918717   0.02441529
  0.48057000   0.41856643   0.01109779
  0.58060000   0.49111448   0.01446551
  0.80569000   0.63860275   0.02181653
  0.66464000   0.54862466   0.01727245
  0.74566000   0.60127079   0.01991471
  0.73669000   0.59557225   0.01962616
  0.37053000   0.33328973   0.00749085
  0.85073000   0.66572059   0.02320752
  0.21946000   0.20626820   0.00313740
  0.64764000   0.53723527   0.01670897
  0.60060000   0.50507814   0.01513764
  0.76070000   0.61075457   0.02039606
  0.47057000   0.41105862   0.01076319
  0.49737000   0.43107334   0.01166153
  0.50736000   0.43844782   0.01199750
  0.58728000   0.49579795   0.01469020
  0.69915000   0.57137512   0.01840734
  0.76108000   0.61099305   0.02040818
  0.78805000   0.62777592   0.02126315
  0.40547000   0.36100872   0.00861351
  0.80804000   0.64003624   0.02188989
  0.58328000   0.49299585   0.01455568
  0.72013000   0.58496796   0.01909067
  0.83699000   0.65752707   0.02278660
  0.80603000   0.63881028   0.02182715
  0.50074000   0.43356623   0.01177481
  0.53378000   0.45772788   0.01288763
  0.82212000   0.64858180   0.02232766
  0.12531000   0.12099586   0.00114309
  0.44368000   0.39063363   0.00986827
  0.68366000   0.56122424   0.01789953
  0.72668000   0.58917537   0.01930289
  0.40455000   0.36028662   0.00858361
  0.69065000   0.56581710   0.01812902
  0.57661000   0.48830759   0.01433122
  0.72068000   0.58532192   0.01910851
  0.55031000   0.46962807   0.01344502
  0.84797000   0.66408024   0.02312321
  0.43544000   0.38430512   0.00959577
  0.30158000   0.27678316   0.00537891
  0.58073000   0.49120582   0.01446989
  0.34593000   0.31340703   0.00671921
  0.33094000   0.30114112   0.00625819
  0.44956000   0.39512956   0.01006327
  0.29172000   0.26850319   0.00509153
  0.46127000   0.40403371   0.01045281
  0.63222000   0.52679868   0.01619567
  0.26862000   0.24890667   0.00443593
  0.92491000   0.70879441   0.02542609
  0.62522000   0.52202741   0.01596203
  0.60825000   0.51037285   0.01539420
  0.57828000   0.48948327   0.01438744
  0.71963000   0.58464608   0.01907445
  0.76660000   0.61445086   0.02058402
  0.36791000   0.33118665   0.00740785
  0.84852000   0.66440734   0.02314002
  0.77660000   0.62068500   0.02090147
  0.58375000   0.49332547   0.01457149
  0.58873000   0.49681197   0.01473895
  0.76859000   0.61569453   0.02064731
  0.51380000   0.44317713   0.01221430
  0.63771000   0.53052603   0.01637864
  0.43487000   0.38386613   0.00957696
  0.58375000   0.49332547   0.01457149
  0.66206000   0.54690397   0.01718711
  0.62189000   0.51975027   0.01585076
  0.41664000   0.36974279   0.00897782
  0.45169000   0.39675409   0.01013401
  0.73401000   0.59386351   0.01953974
  0.74202000   0.59896217   0.01979774
  0.34957000   0.31636830   0.00683226
  0.51476000   0.44388047   0.01224663
  0.64364000   0.53453769   0.01657601
  0.47058000   0.41106615   0.01076353
  0.26349000   0.24451682   0.00429395
  0.74270000   0.59939384   0.01981961
  0.91075000   0.70072051   0.02500975
  0.33753000   0.30654764   0.00645994
  0.98377000   0.74163311   0.02711984
  0.81369000   0.64347427   0.02206593
  0.81773000   0.64592530   0.02219150
  0.96075000   0.72892677   0.02646454
  0.75669000   0.60823463   0.02026803
  0.87796000   0.68175728   0.02403259
  0.80902000   0.64063343   0.02192046
  0.62723000   0.52339960   0.01602915
  0.93389000   0.71387929   0.02568835
  0.69715000   0.57007000   0.01834193
  0.76706000   0.61473848   0.02059866
  0.86397000   0.67355125   0.02361022
  0.51434000   0.44357281   0.01223248
  0.47039000   0.41092305   0.01075718
  0.92790000   0.71049053   0.02551357
  0.63071000   0.52577122   0.01614530
  0.61570000   0.51550466   0.01564372
  0.56475000   0.47992244   0.01393177
  0.55775000   0.47494381   0.01369585
  0.73561000   0.59488400   0.01959134
  0.26199000   0.24323063   0.00425270
  0.76159000   0.61131301   0.02042444
  0.85852000   0.67033555   0.02344480
  0.55875000   0.47565639   0.01372956
  0.48072000   0.41867869   0.01110281
  0.92224000   0.70727725   0.02534785
  0.47572000   0.41493106   0.01093541
  0.89320000   0.69061767   0.02448900
  0.63190000   0.52658102   0.01618500
  0.73602000   0.59514533   0.01960456
  0.41865000   0.37130796   0.00904361
  0.53578000   0.45917433   0.01295506
  0.73501000   0.59450143   0.01957199
  0.60987000   0.51149081   0.01544849
  0.70198000   0.57321907   0.01849983
  0.98330000   0.74137541   0.02710656
  0.75905000   0.60971845   0.02034340
  0.64364000   0.53453769   0.01657601
  0.51559000   0.44448823   0.01227458
  0.80569000   0.63860275   0.02181653
  0.80070000   0.63555198   0.02166047
  0.71565000   0.58208032   0.01894521
  0.76668000   0.61450088   0.02058657
  0.90173000   0.69554141   0.02474275
  0.71868000   0.58403423   0.01904362
  0.57960000   0.49041167   0.01443186
  0.96074000   0.72892121   0.02646425
  0.64864000   0.53790861   0.01674219
  0.93675000   0.71549302   0.02577159
  0.46156000   0.40425339   0.01046248
  0.67065000   0.55262216   0.01747100
  0.24649000   0.22987061   0.00383372
  0.63822000   0.53087164   0.01639563
  0.53532000   0.45884181   0.01293955
  0.77307000   0.61848875   0.02078958
  0.37050000   0.33326567   0.00748990
  0.69916000   0.57138164   0.01840767
  0.37350000   0.33566959   0.00758515
  0.85298000   0.66705579   0.02327615
  0.60326000   0.50692207   0.01522689
  0.53433000   0.45812584   0.01290617
  0.40048000   0.35708708   0.00845154
  0.37150000   0.33406747   0.00752162
  0.83999000   0.65932192   0.02287876
  0.53278000   0.45700398   0.01285391
  0.93225000   0.71295269   0.02564056
  0.55381000   0.47213187   0.01356302
  0.84214000   0.66060621   0.02294472
  0.72767000   0.58980981   0.01933492
  0.44255000   0.38976771   0.00983085
  0.28251000   0.26072341   0.00482706
  0.51961000   0.44742731   0.01241000
  1.06080000   0.78292210   0.02924592
  0.26849000   0.24879559   0.00443231
  0.25050000   0.23333913   0.00394082
  0.69816000   0.57072929   0.01837497
  0.73012000   0.59137820   0.01941413
  0.99781000   0.74929827   0.02751501
  0.40946000   0.36413563   0.00874338
  0.12679000   0.12237347   0.00116821
  0.25577000   0.23788460   0.00408296
  0.08859000   0.08643272   0.00059658
  0.11782000   0.11400566   0.00101949
  0.18356000   0.17431761   0.00228988
  0.14055000   0.13512444   0.00141242
  0.15171000   0.14539040   0.00162409
  0.09400000   0.09157131   0.00066740
  0.28631000   0.26393866   0.00493570
  0.26318000   0.24425111   0.00428542
  0.14167000   0.13615778   0.00143312
  0.16053000   0.15345598   0.00179959
  0.12290000   0.11875002   0.00110267
  0.12620000   0.12182443   0.00115817
  0.17331000   0.16506808   0.00206613
  0.16448000   0.15705445   0.00188046
  0.16018000   0.15313672   0.00179250
  0.24488000   0.22847562   0.00379099
  0.24805000   0.23122097   0.00387527
  0.27511000   0.25444052   0.00461748
  0.33015000   0.30049150   0.00623411
  0.33070000   0.30094380   0.00625088
  0.16040000   0.15333741   0.00179696
  0.21861000   0.20551968   0.00311627
  0.12005000   0.11609006   0.00105567
  0.17818000   0.16946980   0.00217136
  0.27900000   0.25774685   0.00472732
  0.18562000   0.17616970   0.00233588
  0.06641000   0.06519760   0.00034411
  0.25769000   0.23953699   0.00413513
  0.27946000   0.25813731   0.00474036
  0.26550000   0.24623847   0.00434942
  0.18478000   0.17541476   0.00231708
  0.05715000   0.05625214   0.00025762
  0.32601000   0.29708197   0.00610826
  0.10902000   0.10575373   0.00088198
  0.20299000   0.19169587   0.00273683
  0.37949000   0.34045594   0.00777603
  0.21198000   0.19966802   0.00295312
  0.21327000   0.20080842   0.00298463
  0.14393000   0.13824081   0.00147527
  0.25218000   0.23478975   0.00398596
  0.25641000   0.23843561   0.00410033
  0.21860000   0.20551087   0.00311602
  0.07883000   0.07712177   0.00047782
  0.08328000   0.08137351   0.00053051
  0.17008000   0.16214160   0.00199744
  0.23643000   0.22113160   0.00356924
  0.30538000   0.27996078   0.00549079
  0.08286000   0.08097269   0.00052543
  0.18905000   0.17924846   0.00241321
  0.08162000   0.07978874   0.00051057
  0.25626000   0.23830649   0.00409625
  0.12631000   0.12192681   0.00116004
  0.10280000   0.09989557   0.00078998
  0.12440000   0.12014822   0.00112776
  0.37003000   0.33288864   0.00747500
  0.20192000   0.19074413   0.00271147
  0.18004000   0.17114758   0.00221207
  0.16163000   0.15445894   0.00182197
  0.22644000   0.21240027   0.00331277
  0.29649000   0.27251511   0.00523003
  0.24999000   0.23289846   0.00392714
  0.14864000   0.14257309   0.00156469
  0.14711000   0.14116711   0.00153541
  0.21490000   0.20224812   0.00302460
  0.14462000   0.13887623   0.00148824
  0.13226000   0.12745471   0.00126301
  0.21950000   0.20630341   0.00313840
  0.38447000   0.34442160   0.00793539
  0.17420000   0.16587346   0.00208522
  0.17772000   0.16905458   0.00216134
  0.29911000   0.27471370   0.00530652
  0.11870000   0.11482853   0.00103370
  0.17685000   0.16826896   0.00214243
  0.24526000   0.22880499   0.00380106
  0.19590000   0.18537805   0.00257040
  0.24832000   0.23145455   0.00388248
  0.30617000   0.28062045   0.00551412
  0.24616000   0.22958479   0.00382495
  0.13527000   0.13024382   0.00131647
  0.21028000   0.19816381   0.00291178
  0.23603000   0.22078301   0.00355885
  0.17831000   0.16958713   0.00217420
  0.22043000   0.20712192   0.00316158
  0.31468000   0.28770612   0.00576709
  0.18460000   0.17525293   0.00231306
  0.26110000   0.24246693   0.00422829
  0.18122000   0.17221100   0.00223804
  0.38003000   0.34088655   0.00779328
  0.18460000   0.17525293   0.00231306
  0.20824000   0.19635672   0.00286244
  0.17746000   0.16881984   0.00215568
  0.31555000   0.28842841   0.00579311
  0.24954000   0.23250953   0.00391509
  0.20324000   0.19191815   0.00274276
  0.12347000   0.11928148   0.00111218
  0.20314000   0.19182924   0.00274039
  0.15352000   0.14704903   0.00165953
  0.33398000   0.30363793   0.00635108
  0.19582000   0.18530661   0.00256854
  0.24943000   0.23241444   0.00391215
  0.15490000   0.14831242   0.00168675
  0.15625000   0.14954734   0.00171355
  0.15819000   0.15132025   0.00175234
  0.30900000   0.28298094   0.00559792
  0.24828000   0.23141995   0.00388141
  0.18484000   0.17546869   0.00231842
  0.18353000   0.17429062   0.00228921
  0.18212000   0.17302159   0.00225793
  0.17675000   0.16817863   0.00214026
  0.17748000   0.16883790   0.00215612
  0.07180000   0.07038283   0.00039969
  0.13796000   0.13273225   0.00136501
  0.16941000   0.16153385   0.00198330
  0.24527000   0.22881366   0.00380133
  0.14406000   0.13836055   0.00147771
  0.25163000   0.23431501   0.00397116
  0.03743000   0.03704491   0.00011309
  0.27716000   0.25618391   0.00467527
  0.28712000   0.26462305   0.00495894
  0.19845000   0.18765344   0.00262982
  0.16031000   0.15325531   0.00179513
  0.21053000   0.19838511   0.00291785
  0.23753000   0.22208977   0.00359786
  0.15499000   0.14839478   0.00168853
  0.09390000   0.09147647   0.00066606
  0.15253000   0.14614204   0.00164011
  0.25693000   0.23888315   0.00411445
  0.21231000   0.19995983   0.00296117
  0.24583000   0.22929891   0.00381619
  0.13679000   0.13165041   0.00134381
  0.32529000   0.29648812   0.00608644
  0.10643000   0.10331697   0.00084314
  0.40080000   0.35733894   0.00846191
  0.18910000   0.17929329   0.00241435
  0.19731000   0.18663664   0.00260320
  0.12783000   0.12334082   0.00118600
  0.12291000   0.11875934   0.00110284
  0.12687000   0.12244791   0.00116957
  0.21311000   0.20066702   0.00298071
  0.21075000   0.19857983   0.00292319
  0.26826000   0.24859906   0.00442592
  0.20431000   0.19286913   0.00276822
  0.26991000   0.25000837   0.00447184
  0.24162000   0.22564679   0.00370493
  0.29080000   0.26772804   0.00506494
  0.35306000   0.31920124   0.00694103
  0.28509000   0.26290722   0.00490074
  0.21929000   0.20611853   0.00313317
  0.17537000   0.16693156   0.00211040
  0.23517000   0.22003327   0.00353654
  0.15298000   0.14655437   0.00164893
  0.20982000   0.19775652   0.00290063
  0.29121000   0.26807354   0.00507678
  0.31353000   0.28675078   0.00573274
  0.13672000   0.13158566   0.00134254
  0.29532000   0.27153215   0.00519596
  0.30369000   0.27854850   0.00544096
  0.20532000   0.19376622   0.00279233
  0.12175000   0.11767723   0.00108360
  0.17424000   0.16590965   0.00208607
  0.24862000   0.23171405   0.00389049
  0.24530000   0.22883966   0.00380212
  0.13816000   0.13291710   0.00136865
  0.24288000   0.22674081   0.00373811
  0.24237000   0.22629809   0.00372467
  0.31437000   0.28744866   0.00575783
  0.27540000   0.25468728   0.00462565
  0.30004000   0.27549326   0.00533375
  0.21735000   0.20440941   0.00308503
  0.20311000   0.19180257   0.00273968
  0.19005000   0.18014486   0.00243593
  0.29003000   0.26707894   0.00504271
  0.22796000   0.21373218   0.00335138
  0.31032000   0.28408053   0.00563712
  0.13712000   0.13195562   0.00134977
  0.08798000   0.08585232   0.00058881
  0.08534000   0.08333806   0.00055573
  0.19024000   0.18031512   0.00244026
  0.09278000   0.09041392   0.00065113
  0.12891000   0.12434474   0.00120459
  0.26136000   0.24269008   0.00423542
  0.26132000   0.24265575   0.00423432
  0.19570000   0.18519945   0.00256576
  0.14723000   0.14127743   0.00153770
  0.21154000   0.19927884   0.00294240
  0.17972000   0.17085906   0.00220505
  0.19070000   0.18072724   0.00245075
  0.33850000   0.30734157   0.00648976
  0.11762000   0.11381859   0.00101627
  0.28854000   0.26582200   0.00499977
  0.26377000   0.24475678   0.00430167
  0.24931000   0.23231070   0.00390894
  0.22939000   0.21498411   0.00338784
  0.08575000   0.08372878   0.00056081
  0.27631000   0.25546131   0.00465129
  0.36165000   0.32614776   0.00721030
  0.30006000   0.27551002   0.00533433
  0.11659000   0.11285481   0.00099976
  0.15474000   0.14816599   0.00168358
  0.25010000   0.23299352   0.00393009
  0.25149000   0.23419414   0.00396740
  0.12941000   0.12480930   0.00121323
  0.30894000   0.28293093   0.00559614
  0.29859000   0.27427762   0.00529132
  0.27057000   0.25057170   0.00449025
  0.29318000   0.26973241   0.00513381
  0.18988000   0.17999251   0.00243207
  0.12368000   0.11947723   0.00111569
  0.31262000   0.28599433   0.00570559
  0.30880000   0.28281425   0.00559199
  0.20244000   0.19120674   0.00272378
  0.21139000   0.19914615   0.00293875
  0.17870000   0.16993905   0.00218271
  0.30317000   0.27811365   0.00542565
  0.21432000   0.20173599   0.00301036
  0.32007000   0.29217470   0.00592879
  0.21791000   0.20490297   0.00309890
  0.07523000   0.07367421   0.00043702
  0.25740000   0.23928754   0.00412724
  0.18446000   0.17512706   0.00230993
  0.11639000   0.11266760   0.00099657
  0.06481000   0.06365532   0.00032834
  0.10298000   0.10006539   0.00079258
  0.04437000   0.04382884   0.00015763
  0.16576000   0.15821872   0.00190696
  0.16799000   0.16024499   0.00195346
  0.17043000   0.16245898   0.00200484
  0.12029000   0.11631423   0.00105959
  0.13855000   0.13327751   0.00137575
  0.23353000   0.21860244   0.00349414
  0.24615000   0.22957613   0.00382469
  0.22259000   0.20902118   0.00321564
  0.17893000   0.17014655   0.00218774
  0.19694000   0.18630647   0.00259458
  0.22889000   0.21454650   0.00337508
  0.26419000   0.24511664   0.00431324
  0.10340000   0.10046159   0.00079867
  0.21313000   0.20068470   0.00298120
  0.15680000   0.15005018   0.00172451
  0.24317000   0.22699248   0.00374577
  0.23823000   0.22269918   0.00361611
  0.20827000   0.19638331   0.00286316
  0.25085000   0.23364146   0.00395021
  0.22510000   0.21122507   0.00327885
  0.28707000   0.26458081   0.00495751
  0.32944000   0.29990740   0.00621248
  0.24575000   0.22922960   0.00381406
  0.11981000   0.11586586   0.00105175
  0.32891000   0.29947121   0.00619635
  0.21037000   0.19824348   0.00291396
  0.20284000   0.19156249   0.00273327
  0.28403000   0.26201042   0.00487043
  0.18046000   0.17152617   0.00222130
  0.26043000   0.24189174   0.00420993
  0.14774000   0.14174620   0.00154744
  0.32753000   0.29833480   0.00615440
  0.24177000   0.22577707   0.00370887
  0.22308000   0.20945168   0.00322795
  0.18261000   0.17346272   0.00226878
  0.15286000   0.14644443   0.00164657
  0.13806000   0.13282468   0.00136683
  0.20710000   0.19534590   0.00283499
  0.20291000   0.19162473   0.00273493
  0.19777000   0.18704701   0.00261393
  0.22230000   0.20876633   0.00320837
  0.27307000   0.25270344   0.00456019
  0.18628000   0.17676261   0.00235069
  0.15933000   0.15236110   0.00177530
  0.21911000   0.20596003   0.00312870
  0.17354000   0.16527625   0.00207106
  0.24410000   0.22779929   0.00377034
  0.13366000   0.12875259   0.00128776
  0.28313000   0.26124852   0.00484474
  0.17365000   0.16537580   0.00207341
  0.19630000   0.18573521   0.00257969
  0.36924000   0.33225467   0.00744996
  0.20562000   0.19403258   0.00279950
  0.17371000   0.16543010   0.00207470
  0.12672000   0.12230834   0.00116702
  0.28400000   0.26198503   0.00486957
  0.19358000   0.18330487   0.00251676
  0.10036000   0.09759173   0.00075509
  0.37386000   0.33595776   0.00759660
  0.11787000   0.11405243   0.00102029
  0.19190000   0.18180179   0.00247817
  0.23657000   0.22125358   0.00357287
  0.15881000   0.15188641   0.00176482
  0.07877000   0.07706437   0.00047713
  0.13847000   0.13320359   0.00137429
  0.23359000   0.21865481   0.00349569
  0.15670000   0.14995877   0.00172252
  0.08833000   0.08618536   0.00059326
  0.12995000   0.12531088   0.00122260
  0.18223000   0.17312063   0.00226036
  0.25654000   0.23854751   0.00410386
  0.21651000   0.20366876   0.00306427
  0.14519000   0.13940095   0.00149899
  0.13653000   0.13140990   0.00133911
  0.20493000   0.19341988   0.00278301
  0.36939000   0.33237507   0.00745471
  0.12924000   0.12465136   0.00121029
  0.26658000   0.24716265   0.00437930
  0.27805000   0.25694012   0.00470043
  0.17461000   0.16624433   0.00209403
  0.11376000   0.11020378   0.00095500
  0.11229000   0.10882502   0.00093209
  0.15333000   0.14687500   0.00165580
  0.19650000   0.18591375   0.00258434
  0.18914000   0.17932916   0.00241526
  0.17708000   0.16847669   0.00214742
  0.21731000   0.20437415   0.00308404
  0.18542000   0.17598999   0.00233140
  0.16382000   0.15645377   0.00186685
  0.25690000   0.23885734   0.00411364
  0.12180000   0.11772389   0.00108443
  0.16514000   0.15765489   0.00189410
  0.19840000   0.18760885   0.00262865
  0.26828000   0.24861615   0.00442647
  0.40078000   0.35732320   0.00846126
  0.14566000   0.13983348   0.00150787
  0.05573000   0.05487621   0.00024539
  0.22425000   0.21047911   0.00325740
  0.28622000   0.26386260   0.00493312
  0.18365000   0.17439858   0.00229188
  0.10360000   0.10065021   0.00080157
  0.33096000   0.30115756   0.00625880
  0.21840000   0.20533470   0.00311106
  0.26327000   0.24432826   0.00428790
  0.16267000   0.15540658   0.00184323
  0.10689000   0.10375002   0.00084999
  0.16503000   0.15755483   0.00189183
  0.10757000   0.10438997   0.00086015
  0.12913000   0.12454916   0.00120839
  0.05948000   0.05850744   0.00027829
  0.04093000   0.04046951   0.00013468
  0.01705000   0.01697011   0.00002403
  0.01531000   0.01524559   0.00001942
  0.01472000   0.01466046   0.00001796
  0.02673000   0.02653363   0.00005840
  0.01732000   0.01723756   0.00002479
  0.04437000   0.04382884   0.00015763
  0.01567000   0.01560252   0.00002033
  0.02477000   0.02460138   0.00005027
  0.03800000   0.03760309   0.00011648
  0.02990000   0.02965428   0.00007280
  0.01012000   0.01009186   0.00000854
  0.02580000   0.02561706   0.00005447
  0.01038000   0.01035039   0.00000898
  0.03791000   0.03751496   0.00011595
  0.03507000   0.03473194   0.00009955
  0.01268000   0.01263582   0.00001336
  0.02525000   0.02507478   0.00005220
  0.01908000   0.01897996   0.00003002
  0.03489000   0.03455541   0.00009856
  0.02950000   0.02926081   0.00007090
  0.03416000   0.03383926   0.00009456
  0.04067000   0.04021534   0.00013301
  0.07515000   0.07359752   0.00043614
  0.05581000   0.05495376   0.00024607
  0.02529000   0.02511422   0.00005237
  0.03501000   0.03467310   0.00009922
  0.02846000   0.02823738   0.00006607
  0.03280000   0.03250430   0.00008732
  0.03378000   0.03346636   0.00009250
  0.04597000   0.04538910   0.00016889
  0.04341000   0.04289200   0.00015105
  0.05684000   0.05595186   0.00025493
  0.02024000   0.02012742   0.00003374
  0.03191000   0.03163013   0.00008273
  0.04150000   0.04102659   0.00013836
  0.02639000   0.02619859   0.00005695
  0.02651000   0.02631685   0.00005746
  0.02689000   0.02669127   0.00005909
  0.02349000   0.02333836   0.00004527
  0.05067000   0.04996422   0.00020406
  0.04093000   0.04046951   0.00013468
  0.06877000   0.06746991   0.00036798
  0.01754000   0.01745546   0.00002542
  0.02557000   0.02539031   0.00005352
  0.02189000   0.02175831   0.00003939
  0.03155000   0.03127641   0.00008091
  0.06845000   0.06716198   0.00036470
  0.02249000   0.02235099   0.00004155
  0.04949000   0.04881672   0.00019493
  0.03161000   0.03133537   0.00008121
  0.03434000   0.03401587   0.00009553
  0.04486000   0.04430682   0.00016104
  0.01531000   0.01524559   0.00001942
  0.03048000   0.03022466   0.00007561
  0.03837000   0.03796532   0.00011871
  0.03682000   0.03644736   0.00010951
  0.02210000   0.02196577   0.00004014
  0.01402000   0.01396599   0.00001631
  0.05890000   0.05794631   0.00027308
  0.05895000   0.05799469   0.00027353
  0.06888000   0.06757575   0.00036911
  0.02040000   0.02028563   0.00003427
  0.02894000   0.02870981   0.00006828
  0.02384000   0.02368380   0.00004661
  0.01451000   0.01445215   0.00001746
  0.03292000   0.03262213   0.00008794
  0.06455000   0.06340457   0.00032581
  0.01663000   0.01655400   0.00002287
  0.05359000   0.05280053   0.00022747
  0.03163000   0.03135502   0.00008131
  0.02751000   0.02730200   0.00006180
  0.02559000   0.02541002   0.00005360
  0.02401000   0.02385157   0.00004727
  0.03713000   0.03675106   0.00011132
  0.03408000   0.03376076   0.00009412
  0.02454000   0.02437449   0.00004935
  0.01697000   0.01689086   0.00002381
  0.01629000   0.01621708   0.00002196
  0.03184000   0.03156136   0.00008237
  0.03700000   0.03662370   0.00011056
  0.02932000   0.02908372   0.00007006
  0.01740000   0.01731680   0.00002502
  0.03578000   0.03542811   0.00010354
  0.02845000   0.02822754   0.00006603
  0.05035000   0.04965311   0.00020156
  0.04269000   0.04218905   0.00014621
  0.03212000   0.03183643   0.00008380
  0.02752000   0.02731185   0.00006185
  0.03049000   0.03023449   0.00007565
  0.01724000   0.01715832   0.00002457
  0.07063000   0.06925863   0.00038730
  0.05344000   0.05265494   0.00022624
  0.02878000   0.02855235   0.00006754
  0.03518000   0.03483982   0.00010017
  0.03348000   0.03317191   0.00009090
  0.04651000   0.04591537   0.00017277
  0.06119000   0.06016071   0.00029393
  0.04714000   0.04652915   0.00017735
  0.02120000   0.02107649   0.00003698
  0.04028000   0.03983402   0.00013053
  0.03863000   0.03821981   0.00012029
  0.03314000   0.03283813   0.00008910
  0.02414000   0.02397985   0.00004778
  0.02837000   0.02814879   0.00006566
  0.01043000   0.01040011   0.00000906
  0.02038000   0.02026586   0.00003420
  0.04710000   0.04649018   0.00017706
  0.03984000   0.03940371   0.00012776
  0.01220000   0.01215910   0.00001237
  0.01271000   0.01266561   0.00001342
  0.01763000   0.01754459   0.00002568
  0.02171000   0.02158047   0.00003875
  0.01572000   0.01565209   0.00002046
  0.01972000   0.01961313   0.00003205
  0.01678000   0.01670262   0.00002328
  0.01226000   0.01221870   0.00001250
  0.05322000   0.05244139   0.00022444
  0.03055000   0.03029348   0.00007595
  0.03001000   0.02976247   0.00007333
  0.01506000   0.01499768   0.00001879
  0.01530000   0.01523567   0.00001939
  0.04713000   0.04651941   0.00017727
  0.03411000   0.03379020   0.00009428
  0.01520000   0.01513651   0.00001914
  0.01504000   0.01497784   0.00001874
  0.02763000   0.02742018   0.00006234
  0.03359000   0.03327988   0.00009149
  0.01447000   0.01441246   0.00001736
  0.02547000   0.02529171   0.00005310
  0.01082000   0.01078783   0.00000975
  0.01741000   0.01732670   0.00002505
  0.02031000   0.02019664   0.00003397
  0.04819000   0.04755163   0.00018511
  0.02223000   0.02209419   0.00004061
  0.02811000   0.02789283   0.00006448
  0.05458000   0.05376109   0.00023568
  0.05721000   0.05631026   0.00025814
  0.02091000   0.02078984   0.00003598
  0.01454000   0.01448191   0.00001753
  0.04310000   0.04258938   0.00014896
  0.03273000   0.03243556   0.00008695
  0.03399000   0.03367245   0.00009364
  0.01382000   0.01376752   0.00001585
  0.05092000   0.05020724   0.00020601
  0.01752000   0.01743565   0.00002536
  0.02482000   0.02465069   0.00005047
  0.02880000   0.02857203   0.00006763
  0.01568000   0.01561244   0.00002036
  0.02197000   0.02183735   0.00003967
  0.03426000   0.03393738   0.00009510
  0.01698000   0.01690077   0.00002384
  0.02752000   0.02731185   0.00006185
  0.03438000   0.03405512   0.00009575
  0.01318000   0.01313227   0.00001443
  0.01726000   0.01717813   0.00002462
  0.01209000   0.01204984   0.00001215
  0.05418000   0.05337305   0.00023235
  0.01970000   0.01959335   0.00003198
  0.01662000   0.01654409   0.00002285
  0.02398000   0.02382196   0.00004715
  0.03144000   0.03116831   0.00008035
  0.01291000   0.01286420   0.00001385
  0.03827000   0.03786742   0.00011811
  0.01532000   0.01525551   0.00001944
  0.02643000   0.02623801   0.00005712
  0.02020000   0.02008786   0.00003361
  0.03730000   0.03691758   0.00011232
  0.02348000   0.02332848   0.00004524
  0.01635000   0.01627654   0.00002212
  0.02275000   0.02260776   0.00004250
  0.23027000   0.21575399   0.00341035
  0.38164000   0.34216954   0.00784475
  0.25340000   0.23584224   0.00401884
  0.15269000   0.14628866   0.00164324
  0.43673000   0.38529804   0.00963837
  0.10242000   0.09953699   0.00078450
  0.37164000   0.33417969   0.00752607
  0.46664000   0.40809506   0.01063193
  0.19602000   0.18548521   0.00257318
  0.31156000   0.28511266   0.00567401
  0.03220000   0.03191502   0.00008421
  0.10989000   0.10657143   0.00089520
  0.22562000   0.21168123   0.00329200
  0.26051000   0.24196043   0.00421212
  0.22556000   0.21162860   0.00329048
  0.44758000   0.39361749   0.00999756
  0.44007000   0.38786511   0.00974877
  0.33742000   0.30645757   0.00645656
  0.52851000   0.45390774   0.01270995
  0.57613000   0.48796944   0.01431506
  0.38775000   0.34702677   0.00804067
  0.36001000   0.32482441   0.00715873
  0.34701000   0.31428635   0.00675270
  0.43927000   0.38725073   0.00972232
  0.34923000   0.31609198   0.00682168
  0.43015000   0.38022493   0.00942133
  0.50818000   0.43905107   0.01202509
  0.28845000   0.26574604   0.00499718
  0.17281000   0.16461543   0.00205544
  0.31774000   0.29024485   0.00585875
  0.27509000   0.25442350   0.00461692
  0.10293000   0.10001822   0.00079186
  0.20584000   0.19422788   0.00280477
  0.26460000   0.24546784   0.00432456
  0.23466000   0.21958847   0.00352334
  0.21434000   0.20175366   0.00301085
  0.42784000   0.37843896   0.00934529
  0.40214000   0.35839304   0.00850537
  0.32218000   0.29391993   0.00599239
  0.45173000   0.39678457   0.01013534
  0.16139000   0.15424017   0.00181708
  0.35161000   0.31802498   0.00689579
  0.24900000   0.23204267   0.00390065
  0.08223000   0.08037127   0.00051786
  0.10588000   0.10279904   0.00083499
  0.33293000   0.30277608   0.00631896
  0.10227000   0.09939542   0.00078235
  0.29282000   0.26942942   0.00512338
  0.13269000   0.12785346   0.00127059
  0.27088000   0.25083621   0.00449891
  0.10044000   0.09766731   0.00075623
  0.35363000   0.31966334   0.00695883
  0.42353000   0.37509974   0.00920364
  0.30012000   0.27556030   0.00533609
  0.14761000   0.14162672   0.00154495
  0.22853000   0.21423133   0.00336590
  0.13880000   0.13350850   0.00138031
  0.14343000   0.13778020   0.00146591
  0.09201000   0.08968301   0.00064094
  0.15680000   0.15005018   0.00172451
  0.23851000   0.22294287   0.00362342
  0.14949000   0.14335364   0.00158105
  0.50718000   0.43831536   0.01199144
  0.25249000   0.23505726   0.00399431
  0.28397000   0.26195964   0.00486872
  0.23680000   0.22145396   0.00357886
  0.34092000   0.30932021   0.00656430
  0.26388000   0.24485104   0.00430470
  0.34872000   0.31567740   0.00680582
  0.32095000   0.29290285   0.00595530
  0.13523000   0.13020679   0.00131575
  0.30666000   0.28102945   0.00552861
  0.23362000   0.21868100   0.00349646
  0.30078000   0.27611324   0.00535544
  0.36783000   0.33112238   0.00740532
  0.16940000   0.16152478   0.00198309
  0.07976000   0.07801124   0.00048863
  0.18060000   0.17165235   0.00222438
  0.18071000   0.17175148   0.00222680
  0.23086000   0.21626992   0.00342546
  0.04582000   0.04524288   0.00016781
  0.22146000   0.20802789   0.00318732
  0.20073000   0.18968494   0.00268337
  0.07550000   0.07393302   0.00044003
  0.02627000   0.02608033   0.00005644
  0.19141000   0.18136311   0.00246696
  0.17770000   0.16903653   0.00216090
  0.18542000   0.17598999   0.00233140
  0.34931000   0.31615700   0.00682417
  0.27131000   0.25120303   0.00451092
  0.29212000   0.26884007   0.00510310
  0.37051000   0.33327369   0.00749022
  0.09641000   0.09385524   0.00070007
  0.18058000   0.17163432   0.00222394
  0.27446000   0.25388727   0.00459920
  0.24510000   0.22866632   0.00379682
  0.36135000   0.32590579   0.00720086
  0.23152000   0.21684685   0.00344239
  0.14648000   0.14058781   0.00152342
  0.15948000   0.15249801   0.00177833
  0.41929000   0.37180591   0.00906458
  0.31894000   0.29123911   0.00589480
  0.51941000   0.44728126   0.01240326
  0.15069000   0.14445493   0.00160426
  0.30249000   0.27754480   0.00540565
  0.21073000   0.19856213   0.00292270
  0.23943000   0.22374327   0.00364747
  0.33180000   0.30184793   0.00628444
  0.20072000   0.18967603   0.00268314
  0.36082000   0.32547819   0.00718419
  0.24275000   0.22662797   0.00373469
  0.22146000   0.20802789   0.00318732
  0.12068000   0.11667843   0.00106598
  0.34160000   0.30987566   0.00658527
  0.25051000   0.23334776   0.00394108
  0.38054000   0.34129310   0.00780958
  0.31079000   0.28447183   0.00565110
  0.19940000   0.18850023   0.00265209
  0.24001000   0.22424765   0.00366266
  0.50275000   0.43505057   0.01184240
  0.37013000   0.33296887   0.00747817
  0.27001000   0.25009374   0.00447463
  0.26312000   0.24419967   0.00428377
  0.26801000   0.24838540   0.00441897
  0.30801000   0.28215565   0.00556857
  0.25001000   0.23291575   0.00392768
  0.28051000   0.25902815   0.00477015
  0.31480000   0.28780577   0.00577068
  0.32840000   0.29905135   0.00618084
  0.32944000   0.29990740   0.00621248
  0.25848000   0.24021632   0.00415665
  0.22448000   0.21068099   0.00326320
  0.21079000   0.19861524   0.00292416
  0.38734000   0.34670141   0.00802750
  0.30642000   0.28082914   0.00552151
  0.36491000   0.32877431   0.00731305
  0.24880000   0.23186972   0.00389530
  0.29880000   0.27445375   0.00529746
  0.12365000   0.11944927   0.00111519
  0.33159000   0.30167537   0.00627803
  0.38246000   0.34282249   0.00787100
  0.24074000   0.22488221   0.00368180
  0.17144000   0.16337449   0.00202625
  0.20880000   0.19685300   0.00287595
  0.28960000   0.26671631   0.00503030
  0.24599000   0.22943753   0.00382043
  0.13659000   0.13146540   0.00134020
  0.15062000   0.14439071   0.00160290
  0.11870000   0.11482853   0.00103370
  0.24494000   0.22852763   0.00379258
  0.35070000   0.31728623   0.00686743
  0.61992000   0.51840088   0.01578489
  0.21986000   0.20662031   0.00314737
  0.09929000   0.09658041   0.00074001
  0.40996000   0.36452692   0.00875968
  0.50276000   0.43505795   0.01184274
  0.38171000   0.34222529   0.00784699
  0.27989000   0.25850220   0.00475255
  0.23071000   0.21613877   0.00342162
  0.42693000   0.37773468   0.00931536
  0.55014000   0.46950631   0.01343928
  0.32531000   0.29650462   0.00608705
  0.35092000   0.31746487   0.00687429
  0.32832000   0.29898547   0.00617841
  0.45059000   0.39591540   0.01009747
  0.06441000   0.06326953   0.00032445
  0.06559000   0.06440736   0.00033598
  0.31811000   0.29055149   0.00586986
  0.14539000   0.13958502   0.00150276
  0.13947000   0.13412737   0.00139257
  0.42967000   0.37985403   0.00940553
  0.21641000   0.20358056   0.00306180
  0.36616000   0.32978000   0.00735252
  0.38083000   0.34152422   0.00781885
  0.42086000   0.37302658   0.00911603
  0.19958000   0.18866063   0.00265631
  0.51090000   0.44104985   0.01211665
  0.42696000   0.37775790   0.00931635
  0.31579000   0.28862759   0.00580030
  0.57824000   0.48945512   0.01438609
  0.48176000   0.41945671   0.01113766
  0.39267000   0.35092449   0.00819905
  0.17359000   0.16532150   0.00207213
  0.33059000   0.30085335   0.00624752
  0.29948000   0.27502390   0.00531735
  0.22943000   0.21501911   0.00338886
  0.29291000   0.26950517   0.00512599
  0.20861000   0.19668464   0.00287136
  0.27509000   0.25442350   0.00461692
  0.30337000   0.27828092   0.00543154
  0.35902000   0.32402490   0.00712763
  0.36020000   0.32497780   0.00716470
  0.34902000   0.31592129   0.00681515
  0.63056000   0.52566911   0.01614030
  0.32092000   0.29287803   0.00595439
  0.51002000   0.44040356   0.01208703
  0.36646000   0.33002125   0.00736200
  0.13823000   0.13298180   0.00136992
  0.17920000   0.17039010   0.00219365
  0.17157000   0.16349229   0.00202902
  0.27047000   0.25048636   0.00448746
  0.34688000   0.31418054   0.00674867
  0.47942000   0.41770544   0.01105927
  0.31894000   0.29123911   0.00589480
  0.51879000   0.44682840   0.01238238
  0.37990000   0.34078290   0.00778912
  0.37089000   0.33357843   0.00750227
  0.18152000   0.17248125   0.00224466
  0.22374000   0.21003135   0.00324455
  0.14135000   0.13586261   0.00142720
  0.30567000   0.28020297   0.00549935
  0.40471000   0.36041223   0.00858881
  0.28578000   0.26349067   0.00492051
  0.30156000   0.27676642   0.00537833
  0.26388000   0.24485104   0.00430470
  0.50091000   0.43369185   0.01178053
  0.30525000   0.27985219   0.00548695
  0.38598000   0.34562159   0.00798383
  0.19860000   0.18778717   0.00263334
  0.09121000   0.08892328   0.00063044
  0.47796000   0.41661146   0.01101038
  0.33159000   0.30167537   0.00627803
  0.47175000   0.41194701   0.01080263
  0.33081000   0.30103424   0.00625423
  0.26088000   0.24227809   0.00422226
  0.07141000   0.07000818   0.00039554
  0.18141000   0.17238216   0.00224224
  0.33829000   0.30716973   0.00648330
  0.12211000   0.11801314   0.00108956
  0.25012000   0.23301080   0.00393063
  0.16046000   0.15339214   0.00179817
  0.29843000   0.27414342   0.00528664
  0.38887000   0.34791511   0.00807668
  0.29245000   0.26911794   0.00511266
  0.32841000   0.29905958   0.00618114
  0.30549000   0.28005265   0.00549404
  0.28546000   0.26322012   0.00491134
  0.42886000   0.37922789   0.00937886
  0.17967000   0.17081397   0.00220395
  0.18959000   0.17973258   0.00242547
  0.24849000   0.23160160   0.00388702
  0.40927000   0.36398691   0.00873719
  0.24146000   0.22550780   0.00370072
  0.33748000   0.30650670   0.00645840
  0.07060000   0.06922980   0.00038699
  0.34546000   0.31302418   0.00670464
  0.33060000   0.30086158   0.00624783
  0.05495000   0.05411994   0.00023878
  0.42359000   0.37514629   0.00920561
  0.10720000   0.10404180   0.00085461
  0.28540000   0.26316938   0.00490962
  0.32553000   0.29668610   0.00609371
  0.33493000   0.30441721   0.00638017
  0.29090000   0.26781232   0.00506782
  0.44058000   0.38825661   0.00976565
  0.24111000   0.22520373   0.00369152
  0.46101000   0.40383672   0.01044414
  0.11944000   0.11552016   0.00104572
  0.54539000   0.46609907   0.01327912
  0.41155000   0.36577041   0.00881153
  0.26848000   0.24878705   0.00443203
  0.04976000   0.04907935   0.00019700
  0.41131000   0.36558279   0.00880370
  0.07369000   0.07219725   0.00042007
  0.31841000   0.29080007   0.00587887
  0.41930000   0.37181368   0.00906491
  0.42028000   0.37257577   0.00909702
  0.43885000   0.38692806   0.00970843
  0.48040000   0.41843919   0.01109209
  0.19980000   0.18885664   0.00266148
  0.30143000   0.27665757   0.00537451
  0.29020000   0.26722227   0.00504761
  0.30920000   0.28314760   0.00560386
  0.29560000   0.27176745   0.00520411
  0.33848000   0.30732520   0.00648915
  0.37860000   0.33974591   0.00774761
  0.08960000   0.08739327   0.00060953
  0.45070000   0.39599930   0.01010112
  0.46040000   0.40337443   0.01042382
  1.20600000   0.85595717   0.03297846
  1.33000000   0.91385560   0.03589556
  1.54000000   1.00379167   0.04032537
  1.55000000   1.00784597   0.04052173
  1.70000000   1.06644748   0.04332488
  1.80000000   1.10339473   0.04505736
  2.26000000   1.25598436   0.05194116
  1.91400000   1.14367861   0.04691517
  1.30000000   0.90019894   0.03521159
  1.34000000   0.91836006   0.03612056
  1.02000000   0.76128458   0.02813260
  0.73500000   0.59449505   0.01957167
  1.12000000   0.81342567   0.03081050
  1.23000000   0.86746855   0.03356188
  1.23000000   0.86746855   0.03356188
  0.85400000   0.66766047   0.02330724
  1.37000000   0.93173322   0.03678674
  0.97520000   0.73692297   0.02687696
  0.97000000   0.73405334   0.02672896
  0.74000000   0.59767876   0.01973276
  1.39000000   0.94053399   0.03722362
  1.30500000   0.90249014   0.03532653
  0.93500000   0.71450593   0.02572068
  1.01400000   0.75805895   0.02796645
  1.31500000   0.90705435   0.03555527
  1.09200000   0.79912717   0.03007794
