         4351.256049       -134861.154806       -134861.154806      19779628.694777
         4910.740369         -1093.283478        -44912.351778       1451510.256180
         4145.610986        -23411.695057        378541.275716       4778128.989937
         4163.467771          4992.806958       -144142.405389        111755.540009
         4048.641784          4729.747486       -147948.294449        250555.966373
         1406.489204          4014.079567        -88096.337157       -147264.226301
         2843.201912          4899.034138       -143389.564647          5694.903159
         3381.913626          4419.115322       -152758.675340        390672.501658
         3560.645840          4465.847484       -153686.225962        234694.820333
         2809.200000        -27339.709544        701871.822372       5405300.532443
         4951.350846        -28824.722249        -17590.212674       5770960.157260
         4967.323711        -85745.565395         16213.196304      13556907.687934
         4931.190973        -66863.638030         76449.976134      10949931.814268
         4930.930978          4191.851212        -33737.770181        372220.888561
         2688.950514        -71465.397258        727973.156734      11550940.539506
         4910.740369        -44912.351778         -1093.283478       1451510.256180
         6612.701850         11131.462147         11131.462147        145822.682958
         9426.820044          5578.973798         53736.820845        402679.373175
         4450.912794          8309.555078         -2902.164234         28064.143207
         4230.808979          9197.332042         -3800.985346         41715.674633
          721.027102          4268.983061         -7589.950651         -3627.337260
         2375.459307          7199.622378         -8223.567856         16888.338602
         3127.899872          9974.171038         -7083.571852         54855.665700
         3400.766274          8740.713624         -6454.029778         40193.613413
        10312.346135          4649.295353         82699.569851        449095.854706
         6942.364088          5067.891558         14287.783907        475974.509647
         7294.361969        -19205.692712         18041.164879       1028264.050846
         7815.716301        -10911.821020         24439.866177        846578.335300
         6753.355601          9547.092321         12438.136331         53152.643575
        10362.504800        -13100.230419         84975.297715        888689.301056
         4145.610986        378541.275716        -23411.695057       4778128.989937
         9426.820044         53736.820845          5578.973798        402679.373175
        25725.840659        123138.491922        123138.491922       1221818.130903
         3647.503930         16210.562582        -27088.276638         50570.488015
         3150.373779         21162.484343        -28791.772137         88705.663141
        -1592.413938          2735.133961        -24173.928746        -28470.517131
          -91.009315         11719.023273        -33583.091014         20477.496901
         1026.414608         25887.338964        -33615.158656        126375.554110
         1496.925809         20122.457752        -32975.379052         84396.674133
        35270.095433        135965.180554        208297.260724       1373917.162060
        11374.078489        144701.059234         13683.660198       1462339.920091
        12861.106210        281436.691002         23518.589454       3316856.248664
        15313.647612        236612.882596         40675.539752       2700514.625129
        10625.013215         24830.193167          8913.693038        121450.343031
        35999.339928        246625.557460        215090.257495       2842928.689630
         4163.467771       -144142.405389          4992.806958        111755.540009
         4450.912794         -2902.164234          8309.555078         28064.143207
         3647.503930        -27088.276638         16210.562582         50570.488015
         4025.798659          4363.151729          4363.151729         11826.351812
         3930.540004          3932.225531          4022.054278         14255.188382
         1495.321823          3882.223637          -187.214266          4089.753045
         2859.691572          4425.465463          1511.944340          9592.809972
         3350.239774          3466.767994          2453.913181         16385.656069
         3509.352102          3700.541738          2820.725341         13996.730359
         1605.898032        -31338.893761         20454.292107         56035.613136
         4528.165047        -33045.467845          9027.224568         58069.985928
         4491.984752        -93068.241314          9837.053351         92753.015653
         4371.251166        -73210.913446         11131.756625         82512.769287
         4534.288988          3271.933403          8611.208196         16118.714529
         1463.267972        -78030.986409         20766.316739         84967.558748
         4048.641784       -147948.294449          4729.747486        250555.966373
         4230.808979         -3800.985346          9197.332042         41715.674633
         3150.373779        -28791.772137         21162.484343         88705.663141
         3930.540004          4022.054278          3932.225531         14255.188382
         3967.820527          3508.242862          3508.242862         18057.160094
         1597.169475          3797.375567          -989.663553          3591.920438
         2944.176399          4163.060112           607.123193         11026.943613
         3418.667000          2967.097907          1643.742135         21444.676216
         3570.901294          3293.352743          2066.056199         17653.212581
         1218.111502        -33178.482633         28181.136831         98948.190033
         4448.046269        -34983.272802         10214.348629        103563.501510
         4391.379051        -96201.626929         11380.777262        191231.170058
         4237.316689        -75977.669842         13284.580975        163570.535937
         4464.573599          2788.991708          9622.843903         21014.722087
         1066.690189        -80878.464625         28711.371985        170063.841096
         1406.489204        -88096.337157          4014.079567       -147264.226301
          721.027102         -7589.950651          4268.983061         -3627.337260
        -1592.413938        -24173.928746          2735.133961        -28470.517131
         1495.321823          -187.214266          3882.223637          4089.753045
         1597.169475          -989.663553          3797.375567          3591.920438
         1306.900153          1490.171240          1490.171240          3815.003734
         1634.441785           389.520875          2802.990426          4202.635059
         1657.650349         -1726.398993          3264.879217          2673.951575
         1648.868260         -1047.189216          3412.819013          3415.544994
        -3536.790595        -26860.275952           968.998790        -32403.473351
          627.970815        -28003.337499          4241.933785        -35188.264845
          411.235564        -61735.743337          4180.941814        -96359.118057
           35.106387        -51015.614568          4020.522245        -75596.739293
          733.378806         -1764.339511          4260.799996          2766.807329
        -3678.533992        -53643.041302           816.783852        -80365.246192
         2843.201912       -143389.564647          4899.034138          5694.903159
         2375.459307         -8223.567856          7199.622378         16888.338602
          -91.009315        -33583.091014         11719.023273         20477.496901
         2859.691572          1511.944340          4425.465463          9592.809972
         2944.176399           607.123193          4163.060112         11026.943613
         1634.441785          2802.990426           389.520875          4202.635059
         2396.103379          2072.503951          2072.503951          8016.224423
         2614.608522          -269.566962          2894.996532         11806.818159
         2671.153914           499.299543          3201.688019         10566.417953
        -2869.812452        -37940.703925         13716.998376         21844.123860
         2161.996430        -39891.475723          7660.823074         21897.565708
         1949.731499        -97007.545619          8167.579263         16328.887021
         1556.869761        -78380.693189          8949.428570         19253.924128
         2260.405656          -345.977410          7394.902948         11672.776953
        -3059.855508        -82876.694905         13853.624357         18651.832498
         3381.913626       -152758.675340          4419.115322        390672.501658
         3127.899872         -7083.571852          9974.171038         54855.665700
         1026.414608        -33615.158656         25887.338964        126375.554110
         3350.239774          2453.913181          3466.767994         16385.656069
         3418.667000          1643.742135          2967.097907         21444.676216
         1657.650349          3264.879217         -1726.398993          2673.951575
         2614.608522          2894.996532          -269.566962         11806.818159
         2985.177669           840.442843           840.442843         26274.581582
         3078.432837          1499.474349          1310.104434         21110.428086
        -1604.203555        -38226.052924         35637.406512        141687.030688
         3038.548445        -40257.048129         11277.997691        148912.794452
         2871.324877       -101943.579246         12787.371488        290474.499718
         2544.188426        -81709.540082         15279.515189        245043.360550
         3112.585570           730.767099         10518.221585         25684.744505
        -1790.196546        -86592.079087         36383.148827        255652.707547
         3560.645840       -153686.225962          4465.847484        234694.820333
         3400.766274         -6454.029778          8740.713624         40193.613413
         1496.925809        -32975.379052         20122.457752         84396.674133
         3509.352102          2820.725341          3700.541738         13996.730359
         3570.901294          2066.056199          3293.352743         17653.212581
         1648.868260          3412.819013         -1047.189216          3415.544994
         2671.153914          3201.688019           499.299543         10566.417953
         3078.432837          1310.104434          1499.474349         21110.428086
         3419.260429          1906.305189          1906.305189         16792.108067
         -553.725806        -37598.798376         26768.273136         93123.499322
         3688.913535        -39613.218965          9711.479580         97423.236498
         3555.889169       -102003.315113         10823.952465        178686.015742
         3281.227682        -81500.971928         12637.777389        153120.171579
         3744.942211          1185.767278          9146.968367         19982.338389
         -730.890980        -86450.729820         27269.622080        159127.151996
         2809.200000        701871.822372        -27339.709544       5405300.532443
        10312.346135         82699.569851          4649.295353        449095.854706
        35270.095433        208297.260724        135965.180554       1373917.162060
         1605.898032         20454.292107        -31338.893761         56035.613136
         1218.111502         28181.136831        -33178.482633         98948.190033
        -3536.790595           968.998790        -26860.275952        -32403.473351
        -2869.812452         13716.998376        -37940.703925         21844.123860
        -1604.203555         35637.406512        -38226.052924        141687.030688
         -553.725806         26768.273136        -37598.798376         93123.499322
        49511.525858        231541.955654        231541.955654       1547349.718051
        12015.586426        246489.841564         13651.337682       1647406.912728
        14200.343191        507923.921638         24592.851829       3749093.612949
        17865.451700        421731.172650         43714.762478       3050084.629449
        10927.265619         34168.987142          8351.405851        134072.948345
        50710.837857        441261.372167        239174.450680       3211563.356168
         4951.350846        -17590.212674        -28824.722249       5770960.157260
         6942.364088         14287.783907          5067.891558        475974.509647
        11374.078489         13683.660198        144701.059234       1462339.920091
         4528.165047          9027.224568        -33045.467845         58069.985928
         4448.046269         10214.348629        -34983.272802        103563.501510
          627.970815          4241.933785        -28003.337499        -35188.264845
         2161.996430          7660.823074        -39891.475723         21897.565708
         3038.548445         11277.997691        -40257.048129        148912.794452
         3688.913535          9711.479580        -39613.218965         97423.236498
        12015.586426         13651.337682        246489.841564       1647406.912728
         7095.509233         14623.433200         14623.433200       1757749.095000
         7523.187579           538.564943         26243.269907       4004529.094055
         8173.054029          5495.664627         46561.808491       3257018.027927
         6869.117156         10802.002808          8997.056561        142686.734967
        11913.536484          4071.579005        254621.568864       3429683.745976
         4967.323711         16213.196304        -85745.565395      13556907.687934
         7294.361969         18041.164879        -19205.692712       1028264.050846
        12861.106210         23518.589454        281436.691002       3316856.248664
         4491.984752          9837.053351        -93068.241314         92753.015653
         4391.379051         11380.777262        -96201.626929        191231.170058
          411.235564          4180.941814        -61735.743337        -96359.118057
         1949.731499          8167.579263        -97007.545619         16328.887021
         2871.324877         12787.371488       -101943.579246        290474.499718
         3555.889169         10823.952465       -102003.315113        178686.015742
        14200.343191         24592.851829        507923.921638       3749093.612949
         7523.187579         26243.269907           538.564943       4004529.094055
         8604.876550         24838.348772         24838.348772       9326400.162828
         9453.985704         25633.817587         67894.304433       7547587.342078
         7771.066817         12253.990696        -11117.119597        276993.706397
        14933.811767         25163.889671        526152.977389       7957894.513123
         4931.190973         76449.976134        -66863.638030      10949931.814268
         7815.716301         24439.866177        -10911.821020        846578.335300
        15313.647612         40675.539752        236612.882596       2700514.625129
         4371.251166         11131.756625        -73210.913446         82512.769287
         4237.316689         13284.580975        -75977.669842        163570.535937
           35.106387          4020.522245        -51015.614568        -75596.739293
         1556.869761          8949.428570        -78380.693189         19253.924128
         2544.188426         15279.515189        -81709.540082        245043.360550
         3281.227682         12637.777389        -81500.971928        153120.171579
        17865.451700         43714.762478        421731.172650       3050084.629449
         8173.054029         46561.808491          5495.664627       3257018.027927
         9453.985704         67894.304433         25633.817587       7547587.342078
        10111.123044         61209.792233         61209.792233       6112632.759502
         7937.817601         14649.792755         -4184.515966        232974.392402
        18086.959131         62456.435458        436606.123512       6443144.850224
         4930.930978        -33737.770181          4191.851212        372220.888561
         6753.355601         12438.136331          9547.092321         53152.643575
        10625.013215          8913.693038         24830.193167        121450.343031
         4534.288988          8611.208196          3271.933403         16118.714529
         4464.573599          9622.843903          2788.991708         21014.722087
          733.378806          4260.799996         -1764.339511          2766.807329
         2260.405656          7394.902948          -345.977410         11672.776953
         3112.585570         10518.221585           730.767099         25684.744505
         3744.942211          9146.968367          1185.767278         19982.338389
        10927.265619          8351.405851         34168.987142        134072.948345
         6869.117156          8997.056561         10802.002808        142686.734967
         7771.066817        -11117.119597         12253.990696        276993.706397
         7937.817601         -4184.515966         14649.792755        232974.392402
         6969.682907         10070.809447         10070.809447         24635.979367
        11253.827813         -6061.206739         34882.695393        243272.703722
         2688.950514        727973.156734        -71465.397258      11550940.539506
        10362.504800         84975.297715        -13100.230419        888689.301056
        35999.339928        215090.257495        246625.557460       2842928.689630
         1463.267972         20766.316739        -78030.986409         84967.558748
         1066.690189         28711.371985        -80878.464625        170063.841096
        -3678.533992           816.783852        -53643.041302        -80365.246192
        -3059.855508         13853.624357        -82876.694905         18651.832498
        -1790.196546         36383.148827        -86592.079087        255652.707547
         -730.890980         27269.622080        -86450.729820        159127.151996
        50710.837857        239174.450680        441261.372167       3211563.356168
        11913.536484        254621.568864          4071.579005       3429683.745976
        14933.811767        526152.977389         25163.889671       7957894.513123
        18086.959131        436606.123512         62456.435458       6443144.850224
        11253.827813         34882.695393         -6061.206739        243272.703722
        51667.504974        456908.169991        456908.169991       6791495.483971
