  0.10753512   0.23121156       9.31215821e-07       2.86002453e-06       2.84004884e-06       8.96677457e-06   0.58218000       8.29000000e-02
  0.13008335   0.26857101       1.54122068e-06       4.75552644e-06       4.75586515e-06       1.51761704e-05   0.55911000       9.14500000e-02
  0.05853901   0.30358953       2.06952911e-07       2.12396487e-06       2.11658756e-06       2.42422610e-05   0.79413000       9.21800000e-02
  0.08821110   0.35066118       5.60499514e-07       4.63000067e-06       4.69043649e-06       4.38463053e-05   0.92065000       1.21770000e-01
  0.09631059   0.24285500       6.85571279e-07       2.65254286e-06       2.62782158e-06       1.05427601e-05   0.81486000       1.23800000e-01
  0.10274130   0.26125947       8.19231282e-07       3.27632976e-06       3.27229377e-06       1.36980309e-05   0.97262000       1.57340000e-01
  0.13163419   0.53654971       1.59857253e-06       2.19489226e-05       2.20484985e-05       3.71194934e-04   1.20755000       2.12840000e-01
  0.03559114   0.27028008       6.78816714e-08       9.59924941e-07       9.69405968e-07       1.54402441e-05   0.85809000       9.40700000e-02
  0.07511726   0.21891139       3.78919756e-07       1.62662516e-06       1.63974478e-06       7.37241546e-06   0.64298000       7.49300000e-02
  0.09899541   0.37885180       7.48242246e-07       6.40838621e-06       6.40644368e-06       6.20959299e-05   0.87931000       1.33090000e-01
  0.07676266   0.30155497       3.97428374e-07       2.91638747e-06       2.92525623e-06       2.35913118e-05   0.83973000       9.75100000e-02
  0.10060264   0.28838685       7.74543816e-07       3.82061785e-06       3.79738606e-06       1.98783029e-05   0.54261000       6.30500000e-02
  0.21383796   0.63578404       6.85681708e-06       7.84448412e-05       7.86395059e-05       1.06493961e-03   0.76840000       2.21740000e-01
  0.26470993   0.74979333       1.43565506e-05       2.02590140e-04       2.02666873e-04       3.41661768e-03   0.52372000       1.50680000e-01
  0.34609967   0.63978002       4.16886649e-05       2.07972515e-04       2.08256070e-04       1.11024296e-03   0.26169000       7.42400000e-02
  0.23481494   0.64052684       9.41525050e-06       9.50536215e-05       9.53150947e-05       1.11878722e-03   0.64047000       1.82270000e-01
  0.20686064   0.59799927       6.09418504e-06       6.14699654e-05       6.13975938e-05       7.16666790e-04   0.57681000       1.63070000e-01
  0.33105693   0.59667843       3.44156822e-05       1.51753359e-04       1.51622341e-04       7.06793592e-04   0.47406000       1.32500000e-01
  0.13883263   0.65310727       1.84285194e-06       4.22372870e-05       4.22721365e-05       1.27514411e-03   0.91020000       2.58890000e-01
  0.26255543   0.55474219       1.39588911e-05       7.63674795e-05       7.63037832e-05       4.52220283e-04   0.49162000       1.76810000e-01
  0.22758949   0.40973201       8.46246534e-06       2.69529106e-05       2.69792220e-05       8.95418817e-05   0.24172000       8.92600000e-02
  0.22713541   0.40938501       8.44138363e-06       2.66771206e-05       2.68968892e-05       8.89488220e-05   0.26787000       1.00040000e-01
  0.24772288   0.59667843       1.13614381e-05       8.45609855e-05       8.46821978e-05       7.06793592e-04   1.76909000       8.71000000e-01
  0.26814308   0.54570528       1.50715933e-05       7.58290741e-05       7.58173486e-05       4.10125870e-04   0.55035000       1.50400000e-01
  0.27198488   0.50079303       1.58563756e-05       6.15252053e-05       6.15039623e-05       2.51158737e-04   0.59990000       2.02200000e-01
  0.28880225   0.54967332       1.99350115e-05       8.96433908e-05       8.95691108e-05       4.28132048e-04   0.86606000       4.32580000e-01
  0.31447142   0.53568517       2.78860136e-05       9.93125810e-05       9.91226411e-05       3.68185659e-04   0.69203000       2.40220000e-01
  0.27028008   0.53192632       1.54402441e-05       7.16562324e-05       7.15081085e-05       3.53232402e-04   0.69410000       3.58010000e-01
  0.25080287   0.44947128       1.17586875e-05       3.98569700e-05       3.99032483e-05       1.41162224e-04   1.23470000       6.30500000e-01
  0.32123393   0.56366390       3.04111787e-05       1.19935176e-04       1.19972181e-04       4.97279624e-04   0.75261000       2.32670000e-01
  0.28254436   0.50170237       1.83580408e-05       6.65235829e-05       6.66765786e-05       2.53545914e-04   0.95204000       2.99990000e-01
  0.22849677   0.40799523       8.52138797e-06       2.68986346e-05       2.68031829e-05       8.77800120e-05   0.82078000       1.71000000e-01
  0.23884660   0.45533277       9.94852799e-06       3.78060173e-05       3.77842431e-05       1.51208196e-04   2.43459000       6.46670000e-01
  0.27876179   0.53971054       1.73586280e-05       7.92876115e-05       7.91527123e-05       3.84373114e-04   0.93115000       3.06460000e-01
  0.28086581   0.48047585       1.79146279e-05       5.88343608e-05       5.87502345e-05       2.00626381e-04   0.73297000       2.05490000e-01
  0.18743544   0.45175678       4.45701823e-06       2.44558854e-05       2.43837230e-05       1.45239498e-04   0.81771000       1.31140000e-01
  0.26470993   0.53337444       1.43565506e-05       6.94016869e-05       6.93347386e-05       3.58924957e-04   0.67129000       2.01520000e-01
  0.27410991   0.57738129       1.63614006e-05       9.32017359e-05       9.31430449e-05       5.76083031e-04   0.69593000       2.44550000e-01
  0.21383796   0.47198682       6.85681708e-06       3.40096188e-05       3.40468736e-05       1.82402717e-04   0.76393000       8.74300000e-02
  0.30804410   0.57900960       2.57590124e-05       1.18805958e-04       1.19054478e-04       5.85781632e-04   0.52188000       1.82280000e-01
  0.19269854   0.43692767       4.87276313e-06       2.35532820e-05       2.35602981e-05       1.22515164e-04   0.68201000       9.98800000e-02
  0.23660967   0.42278697       9.57690990e-06       3.11098213e-05       3.09419481e-05       1.04279116e-04   0.47109000       1.09170000e-01
  0.22849677   0.50472482       8.52138797e-06       4.54285046e-05       4.54205832e-05       2.62296444e-04   1.07982000       4.06430000e-01
  0.12489274   0.42108361       1.36454298e-06       1.11835469e-05       1.11012221e-05       1.02256196e-04   0.63476000       1.04710000e-01
  0.10859697   0.31046153       9.53306916e-07       4.84850908e-06       4.85786158e-06       2.65301967e-05   0.68154000       5.95700000e-02
  0.06740782   0.10859697       2.89355064e-07       5.26825313e-07       5.21933526e-07       9.53306916e-07   0.38714000       4.25000000e-02
  0.15904661   0.26599938       2.71993749e-06       6.25653955e-06       6.24873454e-06       1.46438831e-05   0.37976000       6.05500000e-02
  0.26082694   0.41869165       1.36491077e-05       3.62590625e-05       3.63131740e-05       9.93083610e-05   0.31477000       1.01530000e-01
  0.17776807   0.26556983       3.77452495e-06       7.39579910e-06       7.35199421e-06       1.45602978e-05   0.36272000       5.32900000e-02
  0.15203117   0.43825907       2.37814980e-06       1.63333839e-05       1.63043853e-05       1.24474754e-04   1.34076000       2.07350000e-01
  0.18695508   0.46722453       4.45338791e-06       2.64160856e-05       2.64698117e-05       1.72840914e-04   0.84865000       1.73400000e-01
  0.04233330   0.37848846       9.88066231e-08       2.25783056e-06       2.23956702e-06       6.18677684e-05   1.08357000       1.09200000e-01
  0.11388724   0.33261537       1.08693313e-06       5.89876329e-06       5.94859491e-06       3.51360154e-05   0.94643000       1.08190000e-01
  0.17288652   0.28963229       3.47482216e-06       8.33192333e-06       8.27626276e-06       2.02243103e-05   0.30351000       3.25000000e-02
  0.12071691   0.45240837       1.25866233e-06       1.25500414e-05       1.25785600e-05       1.46181663e-04   0.76575000       8.10000000e-02
  0.13215049   0.29500292       1.60447350e-06       5.77302612e-06       5.76571833e-06       2.16697255e-05   0.60477000       7.63000000e-02
  0.06519616   0.32044186       2.65138874e-07       2.69280465e-06       2.66473948e-06       3.02046006e-05   0.96574000       8.39500000e-02
  0.22394860   0.46531024       7.93898616e-06       3.56132421e-05       3.54773214e-05       1.69320206e-04   0.89947000       2.22400000e-01
  0.09145891   0.17386539       6.12461860e-07       1.45652616e-06       1.46485730e-06       3.53967539e-06   0.53181000       4.73300000e-02
  0.10540765   0.29252946       8.74915059e-07       4.17242764e-06       4.15204448e-06       2.10012797e-05   0.64006000       6.62000000e-02
  0.12228527   0.30073943       1.29291948e-06       5.38007618e-06       5.34795968e-06       2.33999227e-05   0.69179000       1.15760000e-01
  0.13163419   0.24196625       1.59857253e-06       4.00030718e-06       4.04048917e-06       1.03698641e-05   0.41339000       4.25000000e-02
  0.07071796   0.27028008       3.24619613e-07       2.14098947e-06       2.15958284e-06       1.54402441e-05   0.88452000       1.24840000e-01
  0.09361821   0.22804328       6.40735032e-07       2.31046879e-06       2.28549012e-06       8.50098475e-06   0.61950000       7.21900000e-02
  0.15303728   0.27791835       2.42882815e-06       6.36996142e-06       6.38513835e-06       1.71939714e-05   0.52323000       7.17400000e-02
  0.10593999   0.33572146       8.81771421e-07       5.45720243e-06       5.43654331e-06       3.65703321e-05   0.83482000       1.11590000e-01
  0.17043369   0.39571041       3.33711601e-06       1.53250784e-05       1.53748718e-05       7.57265631e-05   1.50719000       3.78330000e-01
  0.05408370   0.21337493       1.74698529e-07       1.05699818e-06       1.05993946e-06       6.78712813e-06   0.62131000       5.27900000e-02
  0.14849946   0.30965669       2.22365801e-06       7.48820985e-06       7.48036286e-06       2.62297684e-05   0.50454000       6.79300000e-02
  0.08549658   0.24374262       5.12799906e-07       2.29673218e-06       2.28172450e-06       1.06967852e-05   0.66773000       6.99500000e-02
  0.12228527   0.25692186       1.29291948e-06       4.04927558e-06       4.01304428e-06       1.29377580e-05   0.69574000       1.42820000e-01
  0.05965075   0.21105524       2.21279971e-07       1.16106025e-06       1.17690940e-06       6.53019775e-06   0.80503000       5.01600000e-02
  0.10006720   0.40170539       7.60247469e-07       7.39706417e-06       7.34735264e-06       8.15131830e-05   0.50314000       6.14900000e-02
  0.09145891   0.31005923       6.12461860e-07       3.84510979e-06       3.85451128e-06       2.63648754e-05   0.63717000       8.71700000e-02
  0.11862125   0.24684036       1.19377933e-06       3.57988588e-06       3.59476940e-06       1.11223945e-05   0.53574000       5.63400000e-02
  0.06906400   0.31367135       3.07491532e-07       2.78081882e-06       2.76037333e-06       2.77265346e-05   0.57747000       5.22200000e-02
  0.07566599   0.34380723       3.79240181e-07       3.69896353e-06       3.68270400e-06       4.04589019e-05   1.04830000       1.09140000e-01
  0.12749211   0.37301463       1.47231128e-06       8.80182885e-06       8.81819772e-06       5.79476006e-05   0.61700000       7.51800000e-02
  0.04569774   0.34189086       1.18794005e-07       1.98716103e-06       1.99833288e-06       3.94372669e-05   0.88142000       9.64200000e-02
  0.11335964   0.24684036       1.06262485e-06       3.36514690e-06       3.38949625e-06       1.11223945e-05   0.65663000       8.98300000e-02
  0.10487501   0.24329895       8.63220146e-07       2.97336866e-06       2.97101395e-06       1.06050503e-05   0.63434000       1.06110000e-01
  0.16153665   0.37885180       2.84149676e-06       1.28758074e-05       1.28456398e-05       6.20959299e-05   0.82472000       1.76690000e-01
  0.15454402   0.28713911       2.51103693e-06       6.94252960e-06       6.90467945e-06       1.96121244e-05   0.50832000       1.04180000e-01
  0.15454402   0.37666881       2.51103693e-06       1.18490124e-05       1.18953186e-05       6.03969946e-05   0.49183000       7.09100000e-02
  0.07016689   0.26384894       3.20218033e-07       2.04842795e-06       2.05626081e-06       1.41840839e-05   0.72515000       9.80000000e-02
  0.19031094   0.34380723       4.68856000e-06       1.35513363e-05       1.35459096e-05       4.04589019e-05   0.65173000       1.32440000e-01
  0.08929488   0.35406207       5.75365972e-07       4.84736679e-06       4.85039062e-06       4.59198140e-05   0.76172000       7.57900000e-02
  0.08004620   0.26857101       4.37002875e-07       2.49834765e-06       2.48740914e-06       1.51761704e-05   0.97070000       1.32470000e-01
  0.13421241   0.29828688       1.64887392e-06       6.01280456e-06       5.96147585e-06       2.25989888e-05   0.80310000       1.41920000e-01
  0.11494149   0.26556983       1.08441358e-06       3.92743439e-06       3.88307596e-06       1.45602978e-05   0.50713000       5.51400000e-02
  0.13575542   0.37228140       1.73531501e-06       9.58092438e-06       9.56963187e-06       5.74088442e-05   0.81023000       1.02300000e-01
  0.12541326   0.32714493       1.39684530e-06       6.51503126e-06       6.55444830e-06       3.27605577e-05   0.70829000       9.85700000e-02
  0.07676266   0.34227457       3.97428374e-07       3.72285865e-06       3.73717395e-06       3.96510764e-05   1.12326000       1.36860000e-01
  0.12541326   0.23929312       1.39684530e-06       3.67758120e-06       3.69885151e-06       9.99238056e-06   0.55236000       7.27600000e-02
  0.08658325   0.26255543       5.27123951e-07       2.65008093e-06       2.63020972e-06       1.39588911e-05   0.86386000       1.16690000e-01
  0.04625797   0.26899868       1.20675725e-07       1.29570377e-06       1.28939561e-06       1.52494518e-05   0.89480000       7.28500000e-02
  0.10327519   0.37739726       8.36433565e-07       6.72475481e-06       6.73291567e-06       6.10146394e-05   1.16527000       1.57530000e-01
  0.25386916   0.73458125       1.23688172e-05       1.73711099e-04       1.73888483e-04       2.93159156e-03   0.92767000       1.90280000e-01
  0.30114732   0.68657752       2.34480197e-05       1.94230231e-04       1.94177522e-04       1.79996385e-03   0.59356000       1.95130000e-01
  0.31606872   0.67882289       2.84563967e-05       2.07065595e-04       2.07047252e-04       1.66229685e-03   0.77093000       1.75870000e-01
  0.20498842   0.74720662       5.92502691e-06       1.24540563e-04       1.24401330e-04       3.32950983e-03   0.53970000       8.74900000e-02
  0.25474274   0.57574923       1.25139640e-05       8.01631142e-05       8.02174646e-05       5.65973110e-04   0.51001000       1.09310000e-01
  0.13060063   0.50683266       1.54955599e-06       1.86691314e-05       1.86791657e-05       2.68405774e-04   1.11452000       2.02530000e-01
  0.25255670   0.51668353       1.21963752e-05       5.81518490e-05       5.83016071e-05       2.99179200e-04   0.59654000       1.10710000e-01
  0.33027635   0.60508986       3.41796536e-05       1.57468966e-04       1.57635585e-04       7.72183173e-04   0.75944000       1.73570000e-01
  0.34571814   0.60247191       4.14550240e-05       1.71989150e-04       1.71976048e-04       7.51469542e-04   0.37248000       5.67900000e-02
  0.14900497   0.73414220       2.26875072e-06       6.90948416e-05       6.92022237e-05       2.91883866e-03   0.52801000       1.35150000e-01
  0.23571289   0.61546712       9.45956169e-06       8.47701670e-05       8.45949498e-05       8.61612879e-04   0.75595000       9.15400000e-02
  0.34342439   0.58387216       4.03801465e-05       1.54136028e-04       1.54207819e-04       6.17315135e-04   0.50921000       7.81900000e-02
  0.17288652   0.57028159       3.47482216e-06       3.96398987e-05       3.96108605e-05       5.33896596e-04   0.70414000       1.53050000e-01
  0.20075795   0.44091403       5.59948677e-06       2.57852094e-05       2.58811216e-05       1.28263440e-04   0.55006000       1.30440000e-01
  0.21012524   0.74720662       6.44119436e-06       1.30106414e-04       1.30022367e-04       3.32950983e-03   1.49033000       2.97420000e-01
  0.15654843   0.45077823       2.57522656e-06       1.82534409e-05       1.82019301e-05       1.43522077e-04   0.50476000       1.65340000e-01
  0.12749211   0.46690586       1.47231128e-06       1.46445028e-05       1.47304843e-05       1.72170531e-04   4.64358000       1.10718000e+00
  0.22668104   0.55361895       8.34722332e-06       5.77120353e-05       5.78451855e-05       4.46511126e-04   1.02231000       2.29710000e-01
  0.24900054   0.76831648       1.15219163e-05       1.96432215e-04       1.96418393e-04       4.11334290e-03   0.26799000       1.65040000e-01
  0.25839973   0.76503085       1.31932536e-05       2.07830475e-04       2.07865418e-04       3.98063177e-03   0.30461000       9.96700000e-02
  0.28204123   0.74196377       1.82408392e-05       2.21778457e-04       2.21782019e-04       3.15846293e-03   0.71630000       2.60220000e-01
  0.30114732   0.68891162       2.34480197e-05       1.96461319e-04       1.96403243e-04       1.84350493e-03   0.29959000       8.17200000e-02
  0.27960418   0.54513657       1.76122261e-05       8.20037276e-05       8.20117052e-05       4.07518862e-04   0.34594000       1.01400000e-01
  0.40485767   0.72752620       8.45099745e-05       4.64665037e-04       4.64603754e-04       2.73044737e-03   0.57298000       2.24260000e-01
  0.32596688   0.68423612       3.23684661e-05       2.27285131e-04       2.27410327e-04       1.75723479e-03   1.47475000       3.07710000e-01
  0.12176281   0.47784614       1.28634730e-06       1.45550067e-05       1.45520158e-05       1.94771719e-04   1.03495000       1.80900000e-01
  0.08842795   0.35545523       5.51512420e-07       4.82000819e-06       4.78807114e-06       4.66921426e-05   0.68373000       1.18970000e-01
  0.17239659   0.41728668       3.47750874e-06       1.76956859e-05       1.77213432e-05       9.77483326e-05   0.56946000       1.21630000e-01
  0.23103090   0.30719595       8.84454735e-06       1.49799573e-05       1.49216601e-05       2.54524898e-05   0.22731000       5.68800000e-02
  0.07681747   0.43184426       3.97493937e-07       6.15841851e-06       6.15576859e-06       1.15643973e-04   0.98579000       1.23970000e-01
  0.08571401   0.35259047       5.17578004e-07       4.56169029e-06       4.55285562e-06       4.51086212e-05   0.96811000       1.67660000e-01
  0.06773923   0.38665223       2.89374410e-07       4.09978770e-06       4.08815457e-06       6.80552070e-05   1.32369000       1.56090000e-01
  0.07390911   0.53386611       3.60309600e-07       9.85810997e-06       9.89349102e-06       3.60451845e-04   1.31811000       1.45200000e-01
  0.08663756   0.26929789       5.42590449e-07       2.77805535e-06       2.79832925e-06       1.53394187e-05   0.84057000       1.41550000e-01
  0.07159914   0.31250956       3.39709168e-07       2.84457281e-06       2.88529046e-06       2.71324655e-05   1.03032000       1.39390000e-01
  0.15609789   0.20629949       2.59384272e-06       3.96403941e-06       3.97020721e-06       6.09752582e-06   0.27516000       3.43700000e-02
  0.17259260   0.24067552       3.44522375e-06       5.98014372e-06       5.89603904e-06       1.02843992e-05   0.25495000       6.33900000e-02
  0.10854390   0.39226560       9.43689021e-07       7.83392096e-06       7.80111921e-06       7.29091141e-05   1.14783000       1.46070000e-01
  0.09297092   0.22143450       6.35728184e-07       2.19525867e-06       2.17272997e-06       7.72695278e-06   0.80933000       9.01600000e-02
  0.09313278   0.35515425       6.29131688e-07       5.16702013e-06       5.11731684e-06       4.65919440e-05   0.78624000       1.10970000e-01
  0.06878813   0.15434329       3.02987313e-07       8.65987430e-07       8.60260184e-07       2.49659558e-06   0.59133000       7.01200000e-02
  0.05664709   0.11977450       1.92203170e-07       4.85668409e-07       4.82610252e-07       1.23029926e-06   0.52011000       4.47400000e-02
  0.07456825   0.32474739       3.67486586e-07       3.22223084e-06       3.23603256e-06       3.17438628e-05   1.07602000       1.22780000e-01
  0.09113460   0.27155908       6.11290052e-07       3.01297900e-06       3.01809683e-06       1.58363293e-05   0.73576000       1.15040000e-01
  0.07528190   0.38636494       3.72847526e-07       4.69067257e-06       4.65599382e-06       6.79339079e-05   1.01284000       1.38610000e-01
  0.09899541   0.26251227       7.48242246e-07       3.14837753e-06       3.15163837e-06       1.39455444e-05   0.56126000       6.83900000e-02
  0.09453446   0.33183660       6.61776168e-07       4.58968444e-06       4.57754581e-06       3.48500028e-05   0.78761000       9.93400000e-02
  0.07308464   0.19174444       3.52796625e-07       1.28177248e-06       1.28272052e-06       4.80612710e-06   0.81933000       7.60900000e-02
  0.06967072   0.23871259       3.13037451e-07       1.69299727e-06       1.71190171e-06       9.85227435e-06   0.90759000       7.96100000e-02
  0.09145891   0.32143180       6.12461860e-07       4.12370134e-06       4.13104559e-06       3.05234281e-05   1.08353000       1.46670000e-01
  0.05831655   0.13939551       2.05403649e-07       6.13161305e-07       6.12530203e-07       1.85700795e-06   0.61501000       8.86900000e-02
  0.05106930   0.29557877       1.51166975e-07       1.72764794e-06       1.71406015e-06       2.18628804e-05   0.86969000       6.81600000e-02
  0.05084579   0.26946881       1.52428028e-07       1.43343495e-06       1.45856253e-06       1.52603452e-05   1.09438000       1.12570000e-01
  0.11462535   0.19683430       1.09448465e-06       2.36062286e-06       2.37531035e-06       5.19995360e-06   0.56034000       6.06500000e-02
  0.03530991   0.36453366       6.66380064e-08       1.68209450e-06       1.69044455e-06       5.20885127e-05   0.97971000       7.89200000e-02
  0.09404949   0.31913289       6.59278099e-07       4.22193065e-06       4.23246098e-06       2.96551364e-05   1.07019000       1.86220000e-01
  0.05140450   0.21545618       1.53524106e-07       1.00988755e-06       1.00611218e-06       7.00116915e-06   1.00286000       7.24700000e-02
  0.07873396   0.35213702       4.22666237e-07       4.08367627e-06       4.08621487e-06       4.48607187e-05   1.07793000       1.33590000e-01
  0.14601773   0.20854144       2.13656094e-06       3.65245633e-06       3.65999707e-06       6.30535122e-06   0.33297000       4.09300000e-02
  0.07572085   0.18652249       3.86321296e-07       1.28061505e-06       1.28950995e-06       4.40035871e-06   0.59308000       5.30000000e-02
  0.08951149   0.28350766       5.82439856e-07       3.16448427e-06       3.18007030e-06       1.85712872e-05   0.77390000       1.25770000e-01
  0.11541548   0.24926459       1.10503936e-06       3.53935669e-06       3.51178594e-06       1.15857460e-05   0.50927000       8.65500000e-02
  0.07187437   0.28938338       3.40335968e-07       2.49990830e-06       2.50278238e-06       2.01243379e-05   0.90323000       8.36200000e-02
  0.15729874   0.44579835       2.63349087e-06       1.78687833e-05       1.79113825e-05       1.35523763e-04   1.16755000       1.75000000e-01
  0.10535440   0.15077168       8.72928466e-07       1.42780323e-06       1.42072807e-06       2.33272696e-06   0.34082000       4.50800000e-02
  0.21291160   0.54769212       6.73665967e-06       5.02394653e-05       5.01509393e-05       4.19224496e-04   0.91533000       9.05500000e-02
  0.29705726   0.60115933       2.23480885e-05       1.23345463e-04       1.23694461e-04       7.40712741e-04   0.40948000       1.16470000e-01
  0.30965669   0.56310961       2.62297684e-05       1.10670155e-04       1.10771422e-04       4.94305506e-04   0.55205000       1.57020000e-01
  0.29869626   0.72152269       2.27570596e-05       2.26317891e-04       2.26278337e-04       2.56956350e-03   0.80790000       2.29790000e-01
  0.06242629   0.49805776       2.40752047e-07       6.72029159e-06       6.68820194e-06       2.43917045e-04   0.77384000       1.28680000e-01
