  0.10754617   0.23140202       8.97968963e-07       2.75545100e-06       2.75868537e-06       8.71818845e-06   0.58218000       8.29000000e-02
  0.13011562   0.26884206       1.48403179e-06       4.63131525e-06       4.62079273e-06       1.48799773e-05   0.55911000       9.14500000e-02
  0.05852641   0.30394555       2.01694575e-07       2.06354754e-06       2.07531987e-06       2.38387855e-05   0.79413000       9.21800000e-02
  0.08820887   0.35114474       5.48847512e-07       4.54751123e-06       4.61437447e-06       4.33752147e-05   0.92065000       1.21770000e-01
  0.09631335   0.24306942       6.74867211e-07       2.56970632e-06       2.58981140e-06       1.03022974e-05   0.81486000       1.23800000e-01
  0.10274862   0.26151391       7.93847817e-07       3.17923392e-06       3.19365061e-06       1.34097783e-05   0.97262000       1.57340000e-01
  0.13166814   0.53766639       1.52943531e-06       2.16798385e-05       2.16183145e-05       3.69606986e-04   1.20755000       2.12840000e-01
  0.03558021   0.27055507       6.52224843e-08       9.39832080e-07       9.42648434e-07       1.52234520e-05   0.85809000       9.40700000e-02
  0.07510886   0.21907773       3.57220919e-07       1.59001330e-06       1.56958096e-06       7.24207160e-06   0.64298000       7.49300000e-02
  0.09900001   0.37941860       7.07664864e-07       6.23960621e-06       6.21065095e-06       6.12660395e-05   0.87931000       1.33090000e-01
  0.07675491   0.30190582       3.83121497e-07       2.85281083e-06       2.85184656e-06       2.32588614e-05   0.83973000       9.75100000e-02
  0.10060838   0.28870490       7.50454171e-07       3.68936794e-06       3.70961601e-06       1.94397570e-05   0.54261000       6.30500000e-02
  0.21399472   0.63731056       6.66869711e-06       7.76417687e-05       7.76962116e-05       1.06262582e-03   0.76840000       2.21740000e-01
  0.26497215   0.75184124       1.40396603e-05       2.01203289e-04       2.01002215e-04       3.41776985e-03   0.52372000       1.50680000e-01
  0.34657023   0.64132395       4.10371469e-05       2.06582219e-04       2.06593650e-04       1.10798600e-03   0.26169000       7.42400000e-02
  0.23501270   0.64207402       9.10115067e-06       9.41747017e-05       9.40427777e-05       1.11656370e-03   0.64047000       1.82270000e-01
  0.18658328   0.95032974       4.24028161e-06       2.58937093e-04       2.58619446e-04       2.35326751e-02   0.13883000       3.94900000e-02
  0.20700457   0.59936452       5.98925012e-06       6.07503973e-05       6.07859675e-05       7.14306741e-04   0.57681000       1.63070000e-01
  0.40093302   0.86785260       7.91891248e-05       8.66031747e-04       8.65913147e-04       1.07025706e-02   0.44480000       1.25440000e-01
  0.42825546   0.84907050       1.08849595e-04       9.38580928e-04       9.38478471e-04       8.92002533e-03   0.49965000       1.43750000e-01
  0.09792624   0.89536573       7.11939078e-07       7.52740689e-05       7.53707337e-05       1.39499913e-02   0.72998000       2.10650000e-01
  0.33148558   0.59803816       3.38947301e-05       1.50424653e-04       1.50323128e-04       7.04293682e-04   0.47406000       1.32500000e-01
  0.13887467   0.65470973       1.78446329e-06       4.17181627e-05       4.17025281e-05       1.27293150e-03   0.91020000       2.58890000e-01
  0.37503226   0.79763272       5.81631725e-05       5.30066640e-04       5.30152712e-04       5.38827652e-03   0.51008000       1.02860000e-01
  0.26281278   0.55593063       1.36698330e-05       7.54993962e-05       7.54229614e-05       4.50069969e-04   0.49162000       1.76810000e-01
  0.22777272   0.41039557       8.24030804e-06       2.64931326e-05       2.64931924e-05       8.85560971e-05   0.24172000       8.92600000e-02
  0.22731775   0.41004746       8.18169252e-06       2.63685929e-05       2.63433799e-05       8.82332993e-05   0.26787000       1.00040000e-01
  0.24794763   0.59803816       1.11242988e-05       8.36156189e-05       8.37715236e-05       7.04293682e-04   1.76909000       8.71000000e-01
  0.26841314   0.54685787       1.47963396e-05       7.48454795e-05       7.49998500e-05       4.07812444e-04   0.55035000       1.50400000e-01
  0.27226382   0.50177340       1.56062097e-05       6.08986880e-05       6.08551867e-05       2.49728731e-04   0.59990000       2.02200000e-01
  0.28912132   0.55084161       1.96053825e-05       8.86555355e-05       8.86731627e-05       4.25967959e-04   0.86606000       4.32580000e-01
  0.31485560   0.53679848       2.75522755e-05       9.80685659e-05       9.83121776e-05       3.65816987e-04   0.69203000       2.40220000e-01
  0.27055507   0.53302501       1.52234520e-05       7.07283170e-05       7.08447433e-05       3.51100010e-04   0.69410000       3.58010000e-01
  0.25103424   0.45026752       1.15043859e-05       3.94729719e-05       3.93233923e-05       1.40262095e-04   1.23470000       6.30500000e-01
  0.32163602   0.56488810       2.99406858e-05       1.19015417e-04       1.18854423e-04       4.95434894e-04   0.75261000       2.32670000e-01
  0.28284826   0.50268613       1.80183868e-05       6.59621914e-05       6.58841320e-05       2.52282032e-04   0.95204000       2.99990000e-01
  0.22868180   0.40865320       8.34291259e-06       2.63521257e-05       2.63992644e-05       8.66502026e-05   0.82078000       1.71000000e-01
  0.23905265   0.45614932       9.67428801e-06       3.71680199e-05       3.71333805e-05       1.49761086e-04   2.43459000       6.46670000e-01
  0.27905665   0.54083958       1.70658082e-05       7.85511226e-05       7.83366807e-05       3.82645378e-04   0.93115000       3.06460000e-01
  0.28116569   0.48138166       1.76592639e-05       5.79592040e-05       5.81524897e-05       1.98897983e-04   0.73297000       2.05490000e-01
  0.18754588   0.45256092       4.38577070e-06       2.40404845e-05       2.40979962e-05       1.43967055e-04   0.81771000       1.31140000e-01
  0.26497215   0.53447876       1.40396603e-05       6.84487067e-05       6.84611418e-05       3.56690485e-04   0.67129000       2.01520000e-01
  0.27439381   0.57866120       1.60025489e-05       9.23240663e-05       9.20725150e-05       5.73969700e-04   0.69593000       2.44550000e-01
  0.21399472   0.47286212       6.66869711e-06       3.35031103e-05       3.34915721e-05       1.80996328e-04   0.76393000       8.74300000e-02
  0.30841155   0.58029618       2.52984300e-05       1.17845095e-04       1.17864448e-04       5.83760820e-04   0.52188000       1.82280000e-01
  0.19281772   0.43768107       4.75025572e-06       2.30989736e-05       2.31799146e-05       1.21249575e-04   0.68201000       9.98800000e-02
  0.23681111   0.42349312       9.43466660e-06       3.05610093e-05       3.05892438e-05       1.03125195e-04   0.47109000       1.09170000e-01
  0.22868180   0.50571987       8.34291259e-06       4.48362240e-05       4.48428270e-05       2.60655568e-04   1.07982000       4.06430000e-01
  0.12491961   0.42178415       1.33211555e-06       1.09024737e-05       1.09238075e-05       1.01055708e-04   0.63476000       1.04710000e-01
  0.10860888   0.31083524       9.09012258e-07       4.70015476e-06       4.70702865e-06       2.60242635e-05   0.68154000       5.95700000e-02
  0.06739694   0.10860888       2.80042107e-07       5.00134997e-07       5.06158133e-07       9.09012258e-07   0.38714000       4.25000000e-02
  0.15911428   0.26626454       2.62806931e-06       6.11086193e-06       6.07820982e-06       1.43694410e-05   0.37976000       6.05500000e-02
  0.26108041   0.41938434       1.33593337e-05       3.56989304e-05       3.57550907e-05       9.82622102e-05   0.31477000       1.01530000e-01
  0.17786310   0.26583401       3.68330722e-06       7.21365198e-06       7.19959271e-06       1.42624747e-05   0.36272000       5.32900000e-02
  0.15208947   0.43901698       2.29163119e-06       1.60080815e-05       1.59662359e-05       1.23265438e-04   1.34076000       2.07350000e-01
  0.18706474   0.46808288       4.33333452e-06       2.60293880e-05       2.60435824e-05       1.71568427e-04   0.84865000       1.73400000e-01
  0.04232091   0.37905416       9.55656981e-08       2.18492709e-06       2.19182034e-06       6.10031087e-05   1.08357000       1.09200000e-01
  0.11390367   0.33304830       1.03427266e-06       5.76857564e-06       5.76401715e-06       3.46496515e-05   0.94643000       1.08190000e-01
  0.17297409   0.28995339       3.37607811e-06       8.07203848e-06       8.08774417e-06       1.97471529e-05   0.30351000       3.25000000e-02
  0.12073966   0.45321476       1.20366679e-06       1.23441061e-05       1.22913258e-05       1.45078933e-04   0.76575000       8.10000000e-02
  0.13218499   0.29533730       1.55178319e-06       5.66083501e-06       5.62478174e-06       2.13598467e-05   0.60477000       7.63000000e-02
  0.06518474   0.32084183       2.55970212e-07       2.58478780e-06       2.60192578e-06       2.95662723e-05   0.96574000       8.39500000e-02
  0.22412467   0.46616180       7.76290676e-06       3.50415321e-05       3.49745115e-05       1.67867571e-04   0.89947000       2.22400000e-01
  0.09145857   0.17395445       5.91568043e-07       1.40930935e-06       1.42135205e-06       3.44203005e-06   0.53181000       4.73300000e-02
  0.10541701   0.29285769       8.42759446e-07       4.04495961e-06       4.04281919e-06       2.05826776e-05   0.64006000       6.62000000e-02
  0.12230954   0.30108821       1.26049520e-06       5.27263983e-06       5.24425957e-06       2.30680218e-05   0.69179000       1.15760000e-01
  0.13166814   0.24217879       1.52943531e-06       3.88889513e-06       3.90140991e-06       1.01405469e-05   0.41339000       4.25000000e-02
  0.07070804   0.27055507       3.09166262e-07       2.09882304e-06       2.08860953e-06       1.52234520e-05   0.88452000       1.24840000e-01
  0.09361921   0.22822741       6.27559276e-07       2.21410079e-06       2.24441286e-06       8.24163767e-06   0.61950000       7.21900000e-02
  0.15309691   0.27821121       2.35830421e-06       6.25886960e-06       6.23709409e-06       1.69520767e-05   0.52323000       7.17400000e-02
  0.10594977   0.33616295       8.43486788e-07       5.34311030e-06       5.28522406e-06       3.60953506e-05   0.83482000       1.11590000e-01
  0.17051760   0.39632933       3.22242055e-06       1.50605052e-05       1.50399784e-05       7.49375909e-05   1.50719000       3.78330000e-01
  0.05407071   0.21353082       1.66811607e-07       1.01750567e-06       1.02367677e-06       6.60720668e-06   0.62131000       5.27900000e-02
  0.14855323   0.31002831       2.15554029e-06       7.31766228e-06       7.30970185e-06       2.58068175e-05   0.50454000       6.79300000e-02
  0.08549288   0.24395891       4.86554762e-07       2.22635314e-06       2.19663578e-06       1.04619679e-05   0.66773000       6.99500000e-02
  0.12230954   0.25716663       1.26049520e-06       3.88686020e-06       3.93036316e-06       1.25624855e-05   0.69574000       1.42820000e-01
  0.05963830   0.21120683       2.07166025e-07       1.12657902e-06       1.12164594e-06       6.38573143e-06   0.80503000       5.01600000e-02
  0.10007256   0.40234326       7.36833108e-07       7.17361030e-06       7.20444662e-06       8.03885598e-05   0.50314000       6.14900000e-02
  0.09145857   0.31043189       5.91568043e-07       3.76076585e-06       3.76221671e-06       2.59917386e-05   0.63717000       8.71700000e-02
  0.11864200   0.24706322       1.16648693e-06       3.50715375e-06       3.52534973e-06       1.09413626e-05   0.53574000       5.63400000e-02
  0.06905358   0.31405343       3.00246966e-07       2.69212255e-06       2.70977930e-06       2.72254676e-05   0.57747000       5.22200000e-02
  0.07565780   0.34427131       3.66787178e-07       3.60331306e-06       3.60146038e-06       3.98878035e-05   1.04830000       1.09140000e-01
  0.12752164   0.37356379       1.40967895e-06       8.60346779e-06       8.58778569e-06       5.72080563e-05   0.61700000       7.51800000e-02
  0.04568493   0.34234955       1.13325825e-07       1.94414730e-06       1.94226788e-06       3.89688278e-05   0.88142000       9.64200000e-02
  0.11337561   0.24706322       1.01973875e-06       3.29612703e-06       3.28378376e-06       1.09413626e-05   0.65663000       8.98300000e-02
  0.10488395   0.24351430       8.26841798e-07       2.90203494e-06       2.87519949e-06       1.04091454e-05   0.63434000       1.06110000e-01
  0.16160777   0.37941860       2.75134788e-06       1.25858971e-05       1.25763268e-05       6.12660395e-05   0.82472000       1.76690000e-01
  0.15460562   0.28745412       2.44972723e-06       6.70412069e-06       6.76825136e-06       1.91235060e-05   0.50832000       1.04180000e-01
  0.15460562   0.37722899       2.44972723e-06       1.16493887e-05       1.16900605e-05       5.97591258e-05   0.49183000       7.09100000e-02
  0.07015680   0.26410921       3.05924598e-07       1.99892168e-06       1.99140958e-06       1.39476144e-05   0.72515000       9.80000000e-02
  0.19042612   0.34427131       4.59267892e-06       1.32828695e-05       1.33281750e-05       3.98878035e-05   0.65173000       1.32440000e-01
  0.08929326   0.35455541       5.51179399e-07       4.73264454e-06       4.72376512e-06       4.53174659e-05   0.76172000       7.57900000e-02
  0.08003984   0.26884206       4.25486795e-07       2.42546597e-06       2.43581093e-06       1.48799773e-05   0.97070000       1.32470000e-01
  0.13424919   0.29862947       1.62296353e-06       5.85793640e-06       5.87925914e-06       2.21933224e-05   0.80310000       1.41920000e-01
  0.11495885   0.26583401       1.05364907e-06       3.81645440e-06       3.79619757e-06       1.42624747e-05   0.50713000       5.51400000e-02
  0.13579393   0.37282836       1.67901124e-06       9.33990682e-06       9.36579855e-06       5.65944477e-05   0.81023000       1.02300000e-01
  0.12544066   0.32756293       1.35441740e-06       6.40038666e-06       6.41243749e-06       3.23666255e-05   0.70829000       9.85700000e-02
  0.07675491   0.34273434       3.83121497e-07       3.62071120e-06       3.64891631e-06       3.90612712e-05   1.12326000       1.36860000e-01
  0.12544066   0.23950010       1.35441740e-06       3.64820669e-06       3.60640367e-06       9.91158059e-06   0.55236000       7.27600000e-02
  0.08658013   0.26281278       5.05435846e-07       2.56982968e-06       2.55160284e-06       1.36698330e-05   0.86386000       1.16690000e-01
  0.04624512   0.26927071       1.17462468e-07       1.26066981e-06       1.26244865e-06       1.49858206e-05   0.89480000       7.28500000e-02
  0.10328291   0.37795965       7.93658082e-07       6.53124505e-06       6.53522397e-06       6.01282902e-05   1.16527000       1.57530000e-01
  0.24883092   1.01548911       1.11871698e-05       5.81865938e-04       5.81652033e-04       4.32498219e-02   0.88601000       1.16260000e-01
  0.42417551   0.90494584       1.03848254e-04       1.18495899e-03       1.18461602e-03       1.52907997e-02   0.68247000       1.08470000e-01
  0.37905416   0.98372293       6.10031087e-05       1.27123003e-03       1.27076865e-03       3.21959923e-02   0.97438000       1.41720000e-01
  0.25410721   0.73655679       1.20793077e-05       1.72414722e-04       1.72352371e-04       2.93165311e-03   0.92767000       1.90280000e-01
  0.35681966   0.86804021       4.65421502e-05       6.54283564e-04       6.54140593e-04       1.07219416e-02   0.59086000       9.70300000e-02
  0.34427131   0.99697989       3.98878035e-05       1.07160129e-03       1.07164351e-03       3.64285103e-02   0.96532000       2.25810000e-01
  0.30149713   0.68833017       2.31153906e-05       1.92707343e-04       1.92820234e-04       1.79786193e-03   0.59356000       1.95130000e-01
  0.31645710   0.68054035       2.80587794e-05       2.05745570e-04       2.05613738e-04       1.66058620e-03   0.77093000       1.75870000e-01
  0.20512898   0.74924217       5.79507907e-06       1.23310244e-04       1.23279232e-04       3.32981784e-03   0.53970000       8.74900000e-02
  0.25498271   0.57702246       1.22339588e-05       7.92305572e-05       7.92809519e-05       5.63573725e-04   0.51001000       1.09310000e-01
  0.13063345   0.50783560       1.51346554e-06       1.83649518e-05       1.84143746e-05       2.66782123e-04   1.11452000       2.02530000e-01
  0.25279189   0.51772369       1.18483208e-05       5.75231459e-05       5.73846370e-05       2.97574287e-04   0.59654000       1.10710000e-01
  0.18754588   0.78942449       4.38577070e-06       1.27288232e-04       1.27340030e-04       4.96872403e-03   0.45670000       8.55300000e-02
  0.33070287   0.60648490       3.35769480e-05       1.56378787e-04       1.56153261e-04       7.70123293e-04   0.75944000       1.73570000e-01
  0.34618762   0.60385593       4.06598161e-05       1.70597387e-04       1.70226040e-04       7.48990309e-04   0.37248000       5.67900000e-02
  0.14905939   0.73611566       2.17386926e-06       6.83066630e-05       6.82746623e-05       2.91857707e-03   0.52801000       1.35150000e-01
  0.18029566   0.95883437       3.85584390e-06       2.53198483e-04       2.53218022e-04       2.54955742e-02   0.38344000       6.46600000e-02
  0.19377218   0.98223834       4.82408403e-06       3.17260362e-04       3.17215891e-04       3.17518580e-02   0.72467000       1.65620000e-01
  0.21907773   0.90656231       7.24207160e-06       2.84357841e-04       2.84487107e-04       1.55285889e-02   0.59722000       1.03310000e-01
  0.30231425   0.79353902       2.33505208e-05       3.20643906e-04       3.20517954e-04       5.17521401e-03   1.44955000       3.35250000e-01
  0.27778810   0.97561146       1.67747894e-05       6.11411844e-04       6.11208663e-04       2.98439108e-02   0.72598000       1.71040000e-01
  0.36913913   0.87364966       5.40742653e-05       7.27199025e-04       7.27000519e-04       1.13190803e-02   0.76040000       1.94470000e-01
  0.23591248   0.61690616       9.28129780e-06       8.36538077e-05       8.37596568e-05       8.58592289e-04   0.75595000       9.15400000e-02
  0.26669480   0.91726375       1.44710158e-05       4.35519613e-04       4.35340692e-04       1.71996466e-02   0.64915000       9.83800000e-02
  0.34388739   0.58517873       3.96976369e-05       1.52601751e-04       1.52722055e-04       6.14566224e-04   0.50921000       7.81900000e-02
  0.17297409   0.57153255       3.37607811e-06       3.91197425e-05       3.90571749e-05       5.31759166e-04   0.70414000       1.53050000e-01
  0.20089100   0.44168094       5.43654503e-06       2.53000073e-05       2.54158220e-05       1.26960309e-04   0.55006000       1.30440000e-01
  0.24794763   0.93655493       1.11242988e-05       4.10369008e-04       4.10507050e-04       2.06588176e-02   0.93382000       1.57910000e-01
  0.21027512   0.74924217       6.31925536e-06       1.28843104e-04       1.28926396e-04       3.32981784e-03   1.49033000       2.97420000e-01
  0.24484726   0.82769761       1.05919567e-05       2.45601292e-04       2.45566351e-04       7.24152471e-03   0.57279000       1.10370000e-01
  0.18078123   0.99209161       3.90530219e-06       2.93415707e-04       2.93470049e-04       3.48088050e-02   1.36277000       3.32570000e-01
  0.15661271   0.45157898       2.52881351e-06       1.79624091e-05       1.79678941e-05       1.42387053e-04   0.50476000       1.65340000e-01
  0.12752164   0.46776307       1.40967895e-06       1.43323775e-05       1.44075085e-05       1.70670386e-04   4.64358000       1.10718000e+00
  0.17444414   0.79148438       3.49505563e-06       1.13700934e-04       1.13750273e-04       5.07082053e-03   0.98498000       2.07100000e-01
  0.22686247   0.55480291       8.11838219e-06       5.70591301e-05       5.70373314e-05       4.44548058e-04   1.02231000       2.29710000e-01
  0.29240212   0.81188066       2.05077925e-05       3.25504746e-04       3.25588139e-04       6.20066269e-03   0.79998000       3.01410000e-01
  0.20826783   0.88308397       6.09627184e-06       2.33574723e-04       2.33670795e-04       1.23964335e-02   0.89945000       1.47560000e-01
  0.24922803   0.77045362       1.12504862e-05       1.94989085e-04       1.94774315e-04       4.11591798e-03   0.26799000       1.65040000e-01
  0.25261633   0.79421591       1.17759884e-05       2.23371616e-04       2.23267016e-04       5.20929096e-03   0.89013000       2.32950000e-01
  0.34634069   0.84805313       4.09457570e-05       5.56725323e-04       5.57067226e-04       8.83167007e-03   0.96078000       3.70480000e-01
  0.25864777   0.76715207       1.28914471e-05       2.06141452e-04       2.06163653e-04       3.98229137e-03   0.30461000       9.96700000e-02
  0.26574787   0.79024907       1.41719610e-05       2.42100591e-04       2.42095194e-04       5.00853660e-03   1.88540000       1.93523000e+00
  0.28999497   0.80231507       1.97870121e-05       3.06117256e-04       3.05917073e-04       5.64351015e-03   0.62473000       2.07810000e-01
  0.30080181   0.80168554       2.29274789e-05       3.29421040e-04       3.29541886e-04       5.60832290e-03   0.93146000       3.83230000e-01
  0.27698348   0.81252243       1.66297765e-05       2.92115294e-04       2.92027576e-04       6.24012182e-03   0.47571000       1.92450000e-01
  0.29194624   0.87223207       2.02872070e-05       4.27887130e-04       4.27869320e-04       1.11647016e-02   0.54215000       1.69580000e-01
  0.28234392   0.74397433       1.78707734e-05       2.20002286e-04       2.20046754e-04       3.15822433e-03   0.71630000       2.60220000e-01
  0.25454510   0.86657571       1.21494528e-05       3.15865331e-04       3.15977859e-04       1.05704766e-02   0.77237000       1.66490000e-01
  0.26862764   0.88520128       1.47202967e-05       3.82490216e-04       3.82231768e-04       1.26518129e-02   0.68255000       2.69830000e-01
  0.26712478   0.77378357       1.44540943e-05       2.26656307e-04       2.26471953e-04       4.25418672e-03   0.51266000       1.62940000e-01
  0.30149713   0.69067491       2.31153906e-05       1.94861104e-04       1.95036327e-04       1.84129539e-03   0.29959000       8.17200000e-02
  0.27990105   0.54628692       1.73590189e-05       8.10555671e-05       8.12587684e-05       4.05372400e-04   0.34594000       1.01400000e-01
  0.40550559   0.72946844       8.34980870e-05       4.62390316e-04       4.62168044e-04       2.72969899e-03   0.57298000       2.24260000e-01
  0.32638169   0.68597812       3.18672000e-05       2.25601926e-04       2.25765487e-04       1.75501759e-03   1.47475000       3.07710000e-01
  0.12178657   0.47874246       1.24346948e-06       1.42409743e-05       1.42866187e-05       1.93151828e-04   1.03495000       1.80900000e-01
  0.08842584   0.35595259       5.40662895e-07       4.71642774e-06       4.71337531e-06       4.61256542e-05   0.68373000       1.18970000e-01
  0.17248343   0.41797478       3.35978479e-06       1.73453500e-05       1.73539882e-05       9.66875858e-05   0.56946000       1.21630000e-01
  0.23122100   0.30756122       8.64765686e-06       1.46363403e-05       1.46354404e-05       2.49619144e-05   0.22731000       5.68800000e-02
  0.07680974   0.43258054       3.81887214e-07       5.99826940e-06       6.02052383e-06       1.14431208e-04   0.98579000       1.23970000e-01
  0.08571042   0.35307957       4.98817079e-07       4.46218698e-06       4.44633680e-06       4.45527807e-05   0.96811000       1.67660000e-01
  0.06772844   0.38724294       2.79581529e-07       4.00349320e-06       4.00123163e-06       6.72883547e-05   1.32369000       1.56090000e-01
  0.07390026   0.53497234       3.42894867e-07       9.72806619e-06       9.68254237e-06       3.58955226e-04   1.31811000       1.45200000e-01
  0.08663446   0.26957061       5.13152349e-07       2.70811343e-06       2.69318122e-06       1.50712248e-05   0.84057000       1.41550000e-01
  0.07158950   0.31288860       3.22395286e-07       2.76473546e-06       2.79188898e-06       2.66880304e-05   1.03032000       1.39390000e-01
  0.15616157   0.20644241       2.50628784e-06       3.84818171e-06       3.84894054e-06       5.93671222e-06   0.27516000       3.43700000e-02
  0.17267974   0.24088537       3.36414476e-06       5.81696183e-06       5.77240872e-06       1.00413544e-05   0.25495000       6.33900000e-02
  0.10855577   0.39287374       9.08195704e-07       7.61334667e-06       7.62400581e-06       7.19083020e-05   1.14783000       1.46070000e-01
  0.09297151   0.22160569       6.14456894e-07       2.08418326e-06       2.11390442e-06       7.44063285e-06   0.80933000       9.01600000e-02
  0.09313347   0.35565075       6.14871650e-07       5.05865447e-06       5.03061821e-06       4.60316836e-05   0.78624000       1.10970000e-01
  0.06877763   0.15440463       2.88975237e-07       8.30395935e-07       8.26383113e-07       2.41069665e-06   0.59133000       7.01200000e-02
  0.05663429   0.11979634       1.84193706e-07       4.62243947e-07       4.64594950e-07       1.17830292e-06   0.52011000       4.47400000e-02
  0.07455965   0.32515891       3.46950880e-07       3.16555267e-06       3.12599236e-06       3.13859254e-05   1.07602000       1.22780000e-01
  0.09113407   0.27183703       5.94172008e-07       2.92514578e-06       2.95246929e-06       1.55232025e-05   0.73576000       1.15040000e-01
  0.07527357   0.38695476       3.56367327e-07       4.58074031e-06       4.53746836e-06       6.71582304e-05   1.01284000       1.38610000e-01
  0.09900001   0.26276953       7.07664864e-07       3.05059588e-06       3.03011622e-06       1.36433281e-05   0.56126000       6.83900000e-02
  0.09453605   0.33226739       6.46619183e-07       4.48607437e-06       4.49748661e-06       3.43738125e-05   0.78761000       9.93400000e-02
  0.07307550   0.19186202       3.39451941e-07       1.22238605e-06       1.24299495e-06       4.63629344e-06   0.81933000       7.60900000e-02
  0.06966047   0.23891836       3.01231461e-07       1.65572592e-06       1.66304547e-06       9.69023672e-06   0.90759000       7.96100000e-02
  0.09145857   0.32183442       5.91568043e-07       4.01631248e-06       4.03382702e-06       3.00456884e-05   1.08353000       1.46670000e-01
  0.05830393   0.13943820       1.98305854e-07       5.99079914e-07       5.93849773e-07       1.81885206e-06   0.61501000       8.86900000e-02
  0.05105623   0.29591458       1.47430480e-07       1.67701383e-06       1.68086454e-06       2.14860893e-05   0.86969000       6.81600000e-02
  0.05083273   0.26974192       1.43923005e-07       1.39637909e-06       1.40456827e-06       1.50045012e-05   1.09438000       1.12570000e-01
  0.11464243   0.19696053       1.03749202e-06       2.31367270e-06       2.27168474e-06       5.10850557e-06   0.56034000       6.06500000e-02
  0.03529905   0.36505756       6.27646003e-08       1.64429612e-06       1.63634906e-06       5.15069172e-05   0.97971000       7.89200000e-02
  0.09405077   0.31952939       6.27670734e-07       4.08622453e-06       4.10148172e-06       2.90985540e-05   1.07019000       1.86220000e-01
  0.05139143   0.21561597       1.47969686e-07       9.71483994e-07       9.77741228e-07       6.81478187e-06   1.00286000       7.24700000e-02
  0.07872703   0.35262481       4.04114758e-07       3.98754160e-06       3.97618790e-06       4.42827015e-05   1.07793000       1.33590000e-01
  0.14606840   0.20868843       2.08191545e-06       3.52926478e-06       3.57550015e-06       6.11966710e-06   0.33297000       4.09300000e-02
  0.07571268   0.18663144       3.65581177e-07       1.24248393e-06       1.23402018e-06       4.29411612e-06   0.59308000       5.30000000e-02
  0.08951000   0.28381387       5.60791048e-07       3.05886545e-06       3.09513121e-06       1.81755569e-05   0.77390000       1.25770000e-01
  0.11543327   0.24949265       1.08551048e-06       3.40611641e-06       3.45666684e-06       1.12668153e-05   0.50927000       8.65500000e-02
  0.07186482   0.28970387       3.24492209e-07       2.40854715e-06       2.42447859e-06       1.96854609e-05   0.90323000       8.36200000e-02
  0.15736403   0.44658195       2.56675507e-06       1.75858681e-05       1.76256934e-05       1.34437472e-04   1.16755000       1.75000000e-01
  0.10536372   0.15082836       8.48930337e-07       1.37962305e-06       1.38428590e-06       2.26063973e-06   0.34082000       4.50800000e-02
  0.25147407   0.86409157       1.15764666e-05       3.05169777e-04       3.04948930e-04       1.03198824e-02   0.64173000       1.82530000e-01
  0.43096186   0.84887864       1.12212342e-04       9.52971144e-04       9.52941781e-04       8.90292247e-03   0.67633000       1.92370000e-01
  0.21306663   0.54885256       6.56111114e-06       4.94180067e-05       4.94663400e-05       4.16728426e-04   0.91533000       9.05500000e-02
  0.20559834   0.93568700       5.82174124e-06       2.88023358e-04       2.87982099e-04       2.04892076e-02   0.81363000       2.31420000e-01
  0.29739677   0.60253783       2.19249062e-05       1.22201809e-04       1.22467559e-04       7.38271933e-04   0.40948000       1.16470000e-01
  0.34886135   0.78175672       4.23460513e-05       4.15564346e-04       4.15659749e-04       4.60518617e-03   0.60240000       1.71340000e-01
  0.31002831   0.56433157       2.58068175e-05       1.09702293e-04       1.09709160e-04       4.92297673e-04   0.55205000       1.57020000e-01
  0.29903988   0.72343675       2.23765241e-05       2.24469700e-04       2.24654285e-04       2.56810073e-03   0.80790000       2.29790000e-01
  0.06241430   0.49902797       2.31685370e-07       6.56018423e-06       6.55674234e-06       2.42144284e-04   0.77384000       1.28680000e-01
