  0.10755138   0.23137870       8.99672291e-07       2.78529174e-06       2.77561340e-06       8.81687607e-06   0.58218000       8.29000000e-02
  0.13011654   0.26881053       1.53253412e-06       4.73013389e-06       4.74365332e-06       1.51430366e-05   0.55911000       9.14500000e-02
  0.05853600   0.30390772       2.05431827e-07       2.13815482e-06       2.11265095e-06       2.43628846e-05   0.79413000       9.21800000e-02
  0.08821685   0.35110139       5.60012192e-07       4.64866489e-06       4.69669138e-06       4.40100596e-05   0.92065000       1.21770000e-01
  0.09632029   0.24304341       6.92142119e-07       2.65606288e-06       2.64784241e-06       1.05657180e-05   0.81486000       1.23800000e-01
  0.10275461   0.26148389       8.20232378e-07       3.27028738e-06       3.27933542e-06       1.37020903e-05   0.97262000       1.57340000e-01
  0.03558759   0.27052320       6.70026885e-08       9.61667322e-07       9.64678883e-07       1.54827918e-05   0.85809000       9.40700000e-02
  0.07511802   0.21905735       3.72988326e-07       1.61738726e-06       1.62474950e-06       7.35558536e-06   0.64298000       7.49300000e-02
  0.09900657   0.37937393       7.45093696e-07       6.38784074e-06       6.40560540e-06       6.21529875e-05   0.87931000       1.33090000e-01
  0.07676396   0.30186831       3.88440427e-07       2.92634266e-06       2.89517928e-06       2.36736634e-05   0.83973000       9.75100000e-02
  0.10061470   0.28866961       7.59653767e-07       3.80043517e-06       3.76059947e-06       1.98525801e-05   0.54261000       6.30500000e-02
  0.21397557   0.63735335       6.83946505e-06       7.85314906e-05       7.87262973e-05       1.06916341e-03   0.76840000       2.21740000e-01
  0.26494141   0.75199782       1.43867215e-05       2.03169988e-04       2.03158736e-04       3.43431393e-03   0.52372000       1.50680000e-01
  0.34652724   0.64136984       4.16835366e-05       2.08644713e-04       2.08665085e-04       1.11503397e-03   0.26169000       7.42400000e-02
  0.23498854   0.64212050       9.35930070e-06       9.54898962e-05       9.53386537e-05       1.12410381e-03   0.64047000       1.82270000e-01
  0.20698713   0.59938094       6.11247244e-06       6.16954637e-05       6.15564074e-05       7.19743748e-04   0.57681000       1.63070000e-01
  0.33144407   0.59805375       3.46054005e-05       1.52094357e-04       1.52240428e-04       7.09395837e-04   0.47406000       1.32500000e-01
  0.13887370   0.65476643       1.82226941e-06       4.23855499e-05       4.22389718e-05       1.28103885e-03   0.91020000       2.58890000e-01
  0.26278249   0.55592319       1.39534680e-05       7.64851017e-05       7.64236147e-05       4.53714265e-04   0.49162000       1.76810000e-01
  0.22775026   0.41035144       8.44044871e-06       2.69802296e-05       2.69750109e-05       8.97393324e-05   0.24172000       8.92600000e-02
  0.22729539   0.41000330       8.35999063e-06       2.67707399e-05       2.67858576e-05       8.92644118e-05   0.26787000       1.00040000e-01
  0.26838170   0.54684627       1.51252125e-05       7.59977579e-05       7.60531399e-05       4.11552641e-04   0.55035000       1.50400000e-01
  0.27223161   0.50174503       1.59148227e-05       6.17115612e-05       6.17057400e-05       2.52051272e-04   0.59990000       2.02200000e-01
  0.28908595   0.55083180       1.99904108e-05       8.97148479e-05       8.98247521e-05       4.29368965e-04   0.86606000       4.32580000e-01
  0.31481617   0.53678257       2.78699352e-05       9.94009455e-05       9.92552746e-05       3.69174077e-04   0.69203000       2.40220000e-01
  0.27052320   0.53300758       1.54827918e-05       7.16611159e-05       7.17090478e-05       3.54126506e-04   0.69410000       3.58010000e-01
  0.32159568   0.56488505       3.03609617e-05       1.20229352e-04       1.20091119e-04       4.99049728e-04   0.75261000       2.32670000e-01
  0.28281403   0.50265804       1.83244680e-05       6.67749731e-05       6.67184436e-05       2.54531846e-04   0.95204000       2.99990000e-01
  0.22865912   0.40860898       8.50467914e-06       2.68469796e-05       2.68083255e-05       8.78318026e-05   0.82078000       1.71000000e-01
  0.27902313   0.54082536       1.74551952e-05       7.94472462e-05       7.94700380e-05       3.85653530e-04   0.93115000       3.06460000e-01
  0.28113177   0.48134777       1.79570852e-05       5.87698263e-05       5.89071190e-05       2.00908049e-04   0.73297000       2.05490000e-01
  0.18753326   0.45252125       4.46369863e-06       2.44430888e-05       2.44378153e-05       1.45534067e-04   0.81771000       1.31140000e-01
  0.26494141   0.53446191       1.43867215e-05       6.94667288e-05       6.95104567e-05       3.59967605e-04   0.67129000       2.01520000e-01
  0.27436118   0.57866543       1.64591333e-05       9.32351754e-05       9.35128535e-05       5.77836192e-04   0.69593000       2.44550000e-01
  0.21397557   0.47282627       6.83946505e-06       3.39647411e-05       3.40617244e-05       1.82717274e-04   0.76393000       8.74300000e-02
  0.30837304   0.58030131       2.57457355e-05       1.19051502e-04       1.19241767e-04       5.87858370e-04   0.52188000       1.82280000e-01
  0.19280380   0.43763930       4.84241237e-06       2.35726906e-05       2.35276562e-05       1.22815789e-04   0.68201000       9.98800000e-02
  0.23678653   0.42344989       9.60849938e-06       3.10791949e-05       3.10391214e-05       1.04402820e-04   0.47109000       1.09170000e-01
  0.12492160   0.42174078       1.36729677e-06       1.11265092e-05       1.11290851e-05       1.02301509e-04   0.63476000       1.04710000e-01
  0.10861392   0.31079638       9.25218706e-07       4.86069257e-06       4.78532289e-06       2.66095549e-05   0.68154000       5.95700000e-02
  0.06740647   0.10861392       2.85865685e-07       5.09088567e-07       5.16583288e-07       9.25218706e-07   0.38714000       4.25000000e-02
  0.15910864   0.26623353       2.72803290e-06       6.21083993e-06       6.26816621e-06       1.45823265e-05   0.37976000       6.05500000e-02
  0.26105048   0.41934078       1.35820462e-05       3.62499316e-05       3.62498026e-05       9.94432603e-05   0.31477000       1.01530000e-01
  0.17785289   0.26580309       3.78841744e-06       7.37894219e-06       7.37863113e-06       1.45474019e-05   0.36272000       5.32900000e-02
  0.18705224   0.46804603       4.42657036e-06       2.63782079e-05       2.64454318e-05       1.73154853e-04   0.84865000       1.73400000e-01
  0.11390778   0.33300661       1.07796227e-06       5.90769460e-06       5.93179287e-06       3.52252596e-05   0.94643000       1.08190000e-01
  0.17296508   0.28991788       3.48254749e-06       8.27782787e-06       8.29740108e-06       2.01557329e-05   0.30351000       3.25000000e-02
  0.12074247   0.45317519       1.24553602e-06       1.26275470e-05       1.25514828e-05       1.46841810e-04   0.76575000       8.10000000e-02
  0.13218547   0.29530086       1.59682303e-06       5.76575409e-06       5.75627510e-06       2.16844133e-05   0.60477000       7.63000000e-02
  0.06519433   0.32080160       2.64454471e-07       2.67719753e-06       2.66637557e-06       3.01885587e-05   0.96574000       8.39500000e-02
  0.22410308   0.46612457       8.00626522e-06       3.54697737e-05       3.56699410e-05       1.69388560e-04   0.89947000       2.22400000e-01
  0.09146616   0.17394520       6.09079898e-07       1.46040482e-06       1.45973735e-06       3.55009988e-06   0.53181000       4.73300000e-02
  0.10542258   0.29282168       8.65113285e-07       4.14012121e-06       4.13118469e-06       2.09454470e-05   0.64006000       6.62000000e-02
  0.12231205   0.30105083       1.29365772e-06       5.35657247e-06       5.35734333e-06       2.33782898e-05   0.69179000       1.15760000e-01
  0.13166873   0.24215299       1.57823505e-06       4.00660239e-06       4.00724091e-06       1.03923330e-05   0.41339000       4.25000000e-02
  0.07071744   0.27052320       3.21257803e-07       2.14526779e-06       2.15045538e-06       1.54827918e-05   0.88452000       1.24840000e-01
  0.09362652   0.22820484       6.43205481e-07       2.29278807e-06       2.29438820e-06       8.46876999e-06   0.61950000       7.21900000e-02
  0.15309269   0.27817785       2.42232226e-06       6.36386772e-06       6.38022086e-06       1.72026081e-05   0.52323000       7.17400000e-02
  0.10595525   0.33612093       8.86825413e-07       5.41501842e-06       5.46135684e-06       3.65055478e-05   0.83482000       1.11590000e-01
  0.05408017   0.21351179       1.71273454e-07       1.06105469e-06       1.04807569e-06       6.81313076e-06   0.62131000       5.27900000e-02
  0.14855008   0.30998956       2.22745382e-06       7.48063921e-06       7.49791075e-06       2.62513010e-05   0.50454000       6.79300000e-02
  0.08550115   0.24393270       5.11891507e-07       2.27818617e-06       2.28238875e-06       1.06593018e-05   0.66773000       6.99500000e-02
  0.12231205   0.25713753       1.29365772e-06       4.00799607e-06       4.01939073e-06       1.28671778e-05   0.69574000       1.42820000e-01
  0.05964791   0.21118837       2.15061518e-07       1.16861184e-06       1.15670528e-06       6.56609514e-06   0.80503000       5.01600000e-02
  0.10007896   0.40229877       7.61263741e-07       7.33174910e-06       7.36433495e-06       8.14402915e-05   0.50314000       6.14900000e-02
  0.09146616   0.31039309       6.09079898e-07       3.85590081e-06       3.84949579e-06       2.64488156e-05   0.63717000       8.71700000e-02
  0.11864522   0.24703631       1.20108620e-06       3.60917076e-06       3.61412421e-06       1.11964196e-05   0.53574000       5.63400000e-02
  0.06906306   0.31401411       3.01071965e-07       2.76123708e-06       2.73631789e-06       2.76917578e-05   0.57747000       5.22200000e-02
  0.12752310   0.37351926       1.46686452e-06       8.76006104e-06       8.81644879e-06       5.79408683e-05   0.61700000       7.51800000e-02
  0.04569378   0.34230693       1.18514021e-07       1.99709096e-06       2.00034668e-06       3.95986079e-05   0.88142000       9.64200000e-02
  0.11337981   0.24703631       1.05763801e-06       3.39291833e-06       3.38274397e-06       1.11964196e-05   0.65663000       8.98300000e-02
  0.10488960   0.24348820       8.55554140e-07       2.97206915e-06       2.95698448e-06       1.06155707e-05   0.63434000       1.06110000e-01
  0.16160153   0.37937393       2.81911474e-06       1.28513789e-05       1.28123791e-05       6.21529875e-05   0.82472000       1.76690000e-01
  0.15460105   0.28741905       2.50440828e-06       6.88086060e-06       6.90001075e-06       1.95215337e-05   0.50832000       1.04180000e-01
  0.15460105   0.37718437       2.50440828e-06       1.18123461e-05       1.18968071e-05       6.04203289e-05   0.49183000       7.09100000e-02
  0.07016623   0.26407865       3.14484457e-07       2.04249096e-06       2.03816912e-06       1.41855457e-05   0.72515000       9.80000000e-02
  0.19041279   0.34422852       4.69433588e-06       1.35274559e-05       1.35721549e-05       4.04717448e-05   0.65173000       1.32440000e-01
  0.08930111   0.35451182       5.75910846e-07       4.82056538e-06       4.86101293e-06       4.59090449e-05   0.76172000       7.57900000e-02
  0.08004864   0.26881053       4.32497390e-07       2.48105039e-06       2.47632249e-06       1.51430366e-05   0.97070000       1.32470000e-01
  0.13424923   0.29859249       1.67721780e-06       5.95882906e-06       6.03219091e-06       2.25120639e-05   0.80310000       1.41920000e-01
  0.11496277   0.26580309       1.09211157e-06       3.91330303e-06       3.90583701e-06       1.45474019e-05   0.50713000       5.51400000e-02
  0.13579364   0.37278385       1.72177371e-06       9.54838808e-06       9.54754895e-06       5.74311325e-05   0.81023000       1.02300000e-01
  0.12544254   0.32752186       1.39903875e-06       6.51937735e-06       6.56997277e-06       3.28277143e-05   0.70829000       9.85700000e-02
  0.12544254   0.23947490       1.39903875e-06       3.69372171e-06       3.70694507e-06       1.00338820e-05   0.55236000       7.27600000e-02
  0.08658829   0.26278249       5.24903611e-07       2.64116056e-06       2.62743681e-06       1.39534680e-05   0.86386000       1.16690000e-01
  0.04625402   0.26923910       1.18364189e-07       1.29795779e-06       1.27839668e-06       1.52905691e-05   0.89480000       7.28500000e-02
  0.25407877   0.73669505       1.23511451e-05       1.74028106e-04       1.74177455e-04       2.94592879e-03   0.92767000       1.90280000e-01
  0.30145969   0.68841708       2.34778364e-05       1.94638211e-04       1.94646737e-04       1.80794843e-03   0.59356000       1.95130000e-01
  0.31641745   0.68061985       2.85261301e-05       2.07558135e-04       2.07626305e-04       1.66962941e-03   0.77093000       1.75870000e-01
  0.20511201   0.74939556       5.94778632e-06       1.24553601e-04       1.24689079e-04       3.34563178e-03   0.53970000       8.74900000e-02
  0.25495408   0.57702579       1.24606419e-05       8.03734579e-05       8.02399646e-05       5.68140879e-04   0.51001000       1.09310000e-01
  0.25276373   0.51770052       1.21009836e-05       5.82143476e-05       5.82029116e-05       3.00040860e-04   0.59654000       1.10710000e-01
  0.33066144   0.60650587       3.42418356e-05       1.57788801e-04       1.58044893e-04       7.75017538e-04   0.75944000       1.73570000e-01
  0.34614466   0.60387519       4.14493362e-05       1.72427292e-04       1.72286146e-04       7.54328443e-04   0.37248000       5.67900000e-02
  0.14905611   0.73625341       2.22149699e-06       6.91123530e-05       6.90676340e-05       2.93297074e-03   0.52801000       1.35150000e-01
  0.23588811   0.61693410       9.48486291e-06       8.47596689e-05       8.48115770e-05       8.64566491e-04   0.75595000       9.15400000e-02
  0.34384463   0.58518663       4.03063722e-05       1.54365292e-04       1.54357587e-04       6.19313037e-04   0.50921000       7.81900000e-02
  0.17296508   0.57153293       3.48254749e-06       3.96795710e-05       3.97018132e-05       5.35771022e-04   0.70414000       1.53050000e-01
  0.20087507   0.44163968       5.50874278e-06       2.57607471e-05       2.57223134e-05       1.28476357e-04   0.55006000       1.30440000e-01
  0.15660766   0.45153915       2.57476819e-06       1.82830862e-05       1.82303343e-05       1.43947953e-04   0.50476000       1.65340000e-01
  0.24920065   0.77063386       1.15802184e-05       1.96585219e-04       1.96973569e-04       4.13413238e-03   0.26799000       1.65040000e-01
  0.25861835   0.76732801       1.32125964e-05       2.08239296e-04       2.08334133e-04       4.00125320e-03   0.30461000       9.96700000e-02
  0.28230978   0.74412136       1.81574867e-05       2.22301872e-04       2.22029599e-04       3.17426831e-03   0.71630000       2.60220000e-01
  0.30145969   0.69076410       2.34778364e-05       1.96918421e-04       1.96878225e-04       1.85181770e-03   0.29959000       8.17200000e-02
  0.27986736   0.54627507       1.76013224e-05       8.21489025e-05       8.21290324e-05       4.08850432e-04   0.34594000       1.01400000e-01
  0.40546122   0.72959855       8.47190707e-05       4.65921606e-04       4.66105187e-04       2.74334040e-03   0.57298000       2.24260000e-01
  0.08843379   0.35590891       5.59893285e-07       4.83229173e-06       4.83009873e-06       4.68380452e-05   0.68373000       1.18970000e-01
  0.17247455   0.41793111       3.41028561e-06       1.76824477e-05       1.75867808e-05       9.79167649e-05   0.56946000       1.21630000e-01
  0.23119772   0.30752283       8.84113820e-06       1.50383916e-05       1.49273545e-05       2.55489178e-05   0.22731000       5.68800000e-02
  0.07681878   0.43253819       3.89690048e-07       6.14992499e-06       6.12353640e-06       1.15895279e-04   0.98579000       1.23970000e-01
  0.08571867   0.35303607       5.07666367e-07       4.55525401e-06       4.52044565e-06       4.51755125e-05   0.96811000       1.67660000e-01
  0.08664262   0.26953894       5.24838254e-07       2.75830960e-06       2.74760594e-06       1.53025017e-05   0.84057000       1.41550000e-01
  0.15615663   0.20642511       2.58049758e-06       3.91884692e-06       3.95461738e-06       6.04102313e-06   0.27516000       3.43700000e-02
  0.17267080   0.24085986       3.42505496e-06       5.91007965e-06       5.87177775e-06       1.01937040e-05   0.25495000       6.33900000e-02
  0.09297891   0.22158470       6.36044937e-07       2.17721433e-06       2.17613316e-06       7.69351675e-06   0.80933000       9.01600000e-02
  0.09314085   0.35560708       6.25925081e-07       5.16325713e-06       5.11408485e-06       4.66732106e-05   0.78624000       1.10970000e-01
  0.06878712   0.15440011       3.00872553e-07       8.47662522e-07       8.56353788e-07       2.45782485e-06   0.59133000       7.01200000e-02
  0.05664384   0.11979934       1.90603066e-07       4.80015829e-07       4.79597680e-07       1.21924772e-06   0.52011000       4.47400000e-02
  0.09114170   0.27180490       5.94201246e-07       2.99375905e-06       2.97185479e-06       1.58039422e-05   0.73576000       1.15040000e-01
  0.09900657   0.26273924       7.45093696e-07       3.13689819e-06       3.14772508e-06       1.39353923e-05   0.56126000       6.83900000e-02
  0.09454324   0.33222579       6.47960687e-07       4.56892721e-06       4.53699147e-06       3.48438383e-05   0.78761000       9.93400000e-02
  0.07308479   0.19184833       3.54513400e-07       1.26875746e-06       1.28877188e-06       4.77766493e-06   0.81933000       7.60900000e-02
  0.06966993   0.23889330       3.09653054e-07       1.70338957e-06       1.70299745e-06       9.90288996e-06   0.90759000       7.96100000e-02
  0.05831352   0.13943711       2.04674071e-07       6.07779380e-07       6.11360693e-07       1.84582835e-06   0.61501000       8.86900000e-02
  0.05106553   0.29587804       1.52607143e-07       1.71955534e-06       1.72564824e-06       2.18587478e-05   0.86969000       6.81600000e-02
  0.11464640   0.19694558       1.08748754e-06       2.38004372e-06       2.36530173e-06       5.23761885e-06   0.56034000       6.06500000e-02
  0.03530638   0.36501336       6.61313801e-08       1.67423393e-06       1.68880244e-06       5.21311394e-05   0.97971000       7.89200000e-02
  0.14606581   0.20867058       2.11079135e-06       3.65654372e-06       3.62554646e-06       6.31520212e-06   0.33297000       4.09300000e-02
  0.07572181   0.18661905       3.81215432e-07       1.28288755e-06       1.27841413e-06       4.41087616e-06   0.59308000       5.30000000e-02
  0.08951783   0.28377946       5.63201057e-07       3.18299044e-06       3.12430852e-06       1.86603032e-05   0.77390000       1.25770000e-01
  0.11543710   0.24946521       1.10179584e-06       3.50534265e-06       3.50905303e-06       1.15267546e-05   0.50927000       8.65500000e-02
  0.07187418   0.28966841       3.37689439e-07       2.49638806e-06       2.49644674e-06       2.01465420e-05   0.90323000       8.36200000e-02
  0.10536930   0.15082467       8.77935747e-07       1.41760448e-06       1.42862840e-06       2.31932671e-06   0.34082000       4.50800000e-02
  0.21304771   0.54884185       6.72190353e-06       5.01732399e-05       5.01982405e-05       4.20279965e-04   0.91533000       9.05500000e-02
  0.29735999   0.60255625       2.22504773e-05       1.23864819e-04       1.23728812e-04       7.44013426e-04   0.40948000       1.16470000e-01
  0.30998956   0.56432824       2.62513010e-05       1.11106635e-04       1.11001470e-04       4.96372201e-04   0.55205000       1.57020000e-01
  0.29900283   0.72356008       2.27052431e-05       2.26848618e-04       2.26635611e-04       2.58188995e-03   0.80790000       2.29790000e-01
  0.06242392   0.49899879       2.37824695e-07       6.70584193e-06       6.67684026e-06       2.44545374e-04   0.77384000       1.28680000e-01
