      1.07534757e+04       2.30663034e+04
      1.30010729e+04       2.67786044e+04
      5.86467052e+03       3.02553253e+04
      8.82619234e+03       3.49241270e+04
      9.63412198e+03       2.42236279e+04
      1.02754594e+04       2.60523343e+04
      1.31556125e+04       5.33079207e+04
      3.57199469e+03       2.69483513e+04
      7.51966646e+03       2.18433594e+04
      9.90189407e+03       3.77176580e+04
      7.68387691e+03       3.00534084e+04
      1.00621823e+04       2.87463213e+04
      2.13388311e+04       6.30848915e+04
      2.63950903e+04       7.42838696e+04
      3.44719256e+04       6.34780279e+04
      2.34245031e+04       6.35514967e+04
      1.86166219e+04       9.35939286e+04
      2.06448723e+04       5.93653361e+04
      3.98417135e+04       8.55852160e+04
      4.25371480e+04       8.37584359e+04
      9.79487869e+03       8.82591809e+04
      3.29803232e+04       5.92352418e+04
      1.38728502e+04       6.47888817e+04
      3.72844350e+04       7.87497865e+04
      2.61810734e+04       5.51023088e+04
      2.27062162e+04       4.07754778e+04
      2.26610719e+04       4.07411306e+04
      2.47073872e+04       5.92352418e+04
      2.67361002e+04       5.42110767e+04
      2.71176678e+04       4.97785611e+04
      2.87875610e+04       5.46024371e+04
      3.13351154e+04       5.32226256e+04
      2.69483513e+04       5.28517584e+04
      2.50134411e+04       4.47070429e+04
      3.20060048e+04       5.59819655e+04
      2.81662575e+04       4.98683588e+04
      2.27964158e+04       4.06035611e+04
      2.38252401e+04       4.52866057e+04
      2.77906657e+04       5.36197478e+04
      2.79995897e+04       4.77716674e+04
      1.87122572e+04       4.49330353e+04
      2.63950903e+04       5.29946419e+04
      2.73287108e+04       5.73340454e+04
      2.13388311e+04       4.69328199e+04
      3.06973783e+04       5.74945088e+04
      1.92359708e+04       4.34664828e+04
      2.36028998e+04       4.20674941e+04
      2.27964158e+04       5.01668125e+04
      1.24837904e+04       4.18989414e+04
      1.08593498e+04       3.09372542e+04
      6.75015479e+03       1.08593498e+04
      1.58862532e+04       2.65231728e+04
      2.60093663e+04       4.16622365e+04
      1.77501205e+04       2.64805059e+04
      1.51875957e+04       4.35981768e+04
      1.86644556e+04       4.64621514e+04
      4.24585192e+03       3.76816656e+04
      1.13867852e+04       3.31348801e+04
      1.72642039e+04       2.88699634e+04
      1.20675890e+04       4.49974623e+04
      1.32070594e+04       2.94030939e+04
      6.52936398e+03       3.19274312e+04
      2.23442270e+04       4.62729403e+04
      9.15018579e+03       1.73616473e+04
      1.05413428e+04       2.91575671e+04
      1.22239113e+04       2.99724684e+04
      1.31556125e+04       2.41352992e+04
      7.08057788e+03       2.69483513e+04
      9.36557528e+03       2.27513308e+04
      1.52878010e+04       2.77069120e+04
      1.05944240e+04       3.34429051e+04
      1.70200250e+04       3.93873231e+04
      5.41973182e+03       2.12927821e+04
      1.48358332e+04       3.08573926e+04
      8.55537539e+03       2.43118417e+04
      1.22239113e+04       2.56214113e+04
      5.97568583e+03       2.10620777e+04
      1.00087843e+04       3.99808930e+04
      9.15018579e+03       3.08973355e+04
      1.18586996e+04       2.46196878e+04
      6.91548247e+03       3.12557353e+04
      7.57443081e+03       3.42446478e+04
      1.27428448e+04       3.71393867e+04
      4.58202807e+03       3.40546450e+04
      1.13341874e+04       2.46196878e+04
      1.04882298e+04       2.42677491e+04
      1.61342047e+04       3.77176580e+04
      1.54378605e+04       2.86224482e+04
      1.54378605e+04       3.75014055e+04
      7.02557214e+03       2.63095656e+04
      1.89983968e+04       3.42446478e+04
      8.93431056e+03       3.52612386e+04
      8.01154580e+03       2.67786044e+04
      1.34125155e+04       2.97290513e+04
      1.14918834e+04       2.64805059e+04
      1.35662592e+04       3.70667416e+04
      1.25356673e+04       3.25923298e+04
      7.68387691e+03       3.40926897e+04
      1.25356673e+04       2.38696210e+04
      8.66379112e+03       2.61810734e+04
      4.63800137e+03       2.68210816e+04
      1.03286996e+04       3.75735693e+04
      2.47949728e+04       9.99060083e+04
      4.21347939e+04       8.91896985e+04
      3.76816656e+04       9.68304210e+04
      2.53181125e+04       7.27917371e+04
      3.54850183e+04       8.56034583e+04
      3.42446478e+04       9.81143339e+04
      3.00129508e+04       6.80787937e+04
      3.14935887e+04       6.73168424e+04
      2.04586439e+04       7.40301895e+04
      2.54049089e+04       5.71732043e+04
      1.30526192e+04       5.03749374e+04
      2.51877077e+04       5.13474461e+04
      1.87122572e+04       7.79497494e+04
      3.29029079e+04       6.00636369e+04
      3.44341007e+04       5.98058298e+04
      1.48861845e+04       7.27486611e+04
      1.79918630e+04       9.44185336e+04
      1.93307782e+04       9.66866067e+04
      2.18433594e+04       8.93466780e+04
      3.00938413e+04       7.83508102e+04
      2.76649956e+04       9.60445708e+04
      3.67023000e+04       8.61488232e+04
      2.35137599e+04       6.10853691e+04
      2.65658126e+04       9.03857154e+04
      3.42066913e+04       5.79736525e+04
      1.72642039e+04       5.66343131e+04
      2.00378101e+04       4.38607752e+04
      2.47073872e+04       9.22578498e+04
      2.09695811e+04       7.40301895e+04
      2.43999407e+04       8.16783128e+04
      1.80401145e+04       9.76409756e+04
      1.56374766e+04       4.48362765e+04
      1.27428448e+04       4.64306539e+04
      1.74103201e+04       7.81505421e+04
      2.26158978e+04       5.49915449e+04
      2.91124549e+04       8.01379909e+04
      2.07702964e+04       8.70658283e+04
      2.48343493e+04       7.60998862e+04
      2.51703013e+04       7.84167842e+04
      3.44492333e+04       8.36594530e+04
      2.57682357e+04       7.57778338e+04
      2.64719692e+04       7.80301296e+04
      2.88740808e+04       7.92060671e+04
      2.99441159e+04       7.91447256e+04
      2.75852815e+04       8.02005039e+04
      2.90673119e+04       8.60110110e+04
      2.81163010e+04       7.35159616e+04
      2.53615247e+04       8.54610590e+04
      2.67573557e+04       8.72715897e+04
      2.66084252e+04       7.64246755e+04
      3.00129508e+04       6.83081039e+04
      2.78743141e+04       5.41549825e+04
      4.02929680e+04       7.20994915e+04
      3.24754830e+04       6.78487511e+04
      1.21718367e+04       4.75118309e+04
      8.84782557e+03       3.53993266e+04
      1.72154333e+04       4.15231967e+04
      2.30483440e+04       3.06132150e+04
      7.68934632e+03       4.29636212e+04
      8.57706798e+03       3.51153702e+04
      6.78323871e+03       3.84902944e+04
      7.39908877e+03       5.30431532e+04
      8.66920880e+03       2.68507996e+04
      7.16853238e+03       3.11404639e+04
      1.55926092e+04       2.05890559e+04
      1.72349455e+04       2.40070179e+04
      1.08540591e+04       3.90462085e+04
      9.30100972e+03       2.20942485e+04
      9.31715524e+03       3.53694944e+04
      6.88794388e+03       1.54178698e+04
      5.67574004e+03       1.19736537e+04
      7.46487475e+03       3.23545224e+04
      9.11783536e+03       2.70753789e+04
      7.53609864e+03       3.84618405e+04
      9.90189407e+03       2.61767861e+04
      9.45696756e+03       3.30576472e+04
      7.31680150e+03       1.91410365e+04
      6.97604464e+03       2.38119201e+04
      9.15018579e+03       3.20256336e+04
      5.84245667e+03       1.39289288e+04
      5.11864679e+03       2.94602526e+04
      5.09632140e+03       2.68677753e+04
      1.14603676e+04       1.96474614e+04
      3.54388054e+03       3.62990529e+04
      9.40859447e+03       3.17975788e+04
      5.15212911e+03       2.14997622e+04
      7.88059970e+03       3.50704220e+04
      1.45886321e+04       2.08120543e+04
      7.57990573e+03       1.86214067e+04
      8.95591980e+03       2.82619024e+04
      1.15391350e+04       2.48605876e+04
      7.19600428e+03       2.88452534e+04
      1.57121963e+04       4.43438319e+04
      1.05360330e+04       1.50621528e+04
      2.50570500e+04       8.52195017e+04
      4.28040186e+04       8.37397693e+04
      2.12467025e+04       5.44070403e+04
      2.05052475e+04       9.21736458e+04
      2.96070056e+04       5.96765645e+04
      3.46984169e+04       7.72021972e+04
      3.08573926e+04       5.59273197e+04
      2.97696832e+04       7.15103123e+04
      6.25282188e+03       4.95084388e+04
