  0.10755731   0.23140681       8.71058211e-07       2.71197613e-06       2.70207174e-06       8.62747198e-06   0.58218000       8.29000000e-02
  0.13012676   0.26884283       1.43933800e-06       4.57359006e-06       4.53049842e-06       1.47648941e-05   0.55911000       9.14500000e-02
  0.05853465   0.30394207       1.93345661e-07       2.02106811e-06       2.03378051e-06       2.36275689e-05   0.79413000       9.21800000e-02
  0.08821941   0.35113509       5.11392806e-07       4.47120433e-06       4.46911133e-06       4.30835731e-05   0.92065000       1.21770000e-01
  0.09632422   0.24307302       6.43338892e-07       2.51684306e-06       2.51179029e-06       1.01725975e-05   0.81486000       1.23800000e-01
  0.10275967   0.26151551       7.70387618e-07       3.14034209e-06       3.13573344e-06       1.33152346e-05   0.97262000       1.57340000e-01
  0.03558517   0.27055564       6.28818655e-08       9.08029698e-07       9.25766628e-07       1.49897603e-05   0.85809000       9.40700000e-02
  0.07511861   0.21908370       3.37307627e-07       1.55410769e-06       1.51254599e-06       7.14040778e-06   0.64298000       7.49300000e-02
  0.09901096   0.37940514       7.02806477e-07       6.19160830e-06       6.19583563e-06       6.10939545e-05   0.87931000       1.33090000e-01
  0.07676478   0.30190259       3.64259618e-07       2.79255008e-06       2.78003332e-06       2.30304395e-05   0.83973000       9.75100000e-02
  0.10061938   0.28870330       7.32923467e-07       3.63441965e-06       3.66161240e-06       1.92884602e-05   0.54261000       6.30500000e-02
  0.21400115   0.63726818       6.55186354e-06       7.74155748e-05       7.73515853e-05       1.06171663e-03   0.76840000       2.21740000e-01
  0.26497336   0.75179522       1.39168499e-05       2.00656107e-04       2.00608584e-04       3.41524754e-03   0.52372000       1.50680000e-01
  0.34656119   0.64128131       4.08321087e-05       2.06074154e-04       2.06186879e-04       1.10681934e-03   0.26169000       7.42400000e-02
  0.23501714   0.64203133       9.10286194e-06       9.38863486e-05       9.40402462e-05       1.11552865e-03   0.64047000       1.82270000e-01
  0.18659190   0.95030037       4.19406410e-06       2.58483405e-04       2.58229981e-04       2.35238593e-02   0.13883000       3.94900000e-02
  0.20701161   0.59932498       5.85071572e-06       6.05367716e-05       6.03931045e-05       7.13556543e-04   0.57681000       1.63070000e-01
  0.40091664   0.86781229       7.90179260e-05       8.64847295e-04       8.65191391e-04       1.06970822e-02   0.44480000       1.25440000e-01
  0.42823540   0.84902854       1.08596349e-04       9.37868852e-04       9.37624010e-04       8.91619008e-03   0.49965000       1.43750000e-01
  0.09793717   0.89532840       6.72503501e-07       7.50184473e-05       7.49841038e-05       1.39434347e-02   0.72998000       2.10650000e-01
  0.33147855   0.59799874       3.37927295e-05       1.50088812e-04       1.50126316e-04       7.03567958e-04   0.47406000       1.32500000e-01
  0.13888563   0.65466630       1.75753867e-06       4.15527568e-05       4.15811356e-05       1.27185064e-03   0.91020000       2.58890000e-01
  0.37501939   0.79758771       5.77358934e-05       5.29174749e-04       5.29083953e-04       5.38488016e-03   0.51008000       1.02860000e-01
  0.26281424   0.55589515       1.34826991e-05       7.50679271e-05       7.50323950e-05       4.49100895e-04   0.49162000       1.76810000e-01
  0.22777787   0.41037791       8.13323246e-06       2.63178678e-05       2.63058164e-05       8.82448854e-05   0.24172000       8.92600000e-02
  0.22732294   0.41002985       8.06377556e-06       2.61828521e-05       2.61363007e-05       8.79032862e-05   0.26787000       1.00040000e-01
  0.26841396   0.54682334       1.46744456e-05       7.46201302e-05       7.47546047e-05       4.07303087e-04   0.55035000       1.50400000e-01
  0.27226419   0.50174396       1.54660646e-05       6.04847682e-05       6.06012460e-05       2.48951686e-04   0.59990000       2.02200000e-01
  0.28911967   0.55080666       1.94199918e-05       8.83833252e-05       8.83221673e-05       4.25396480e-04   0.86606000       4.32580000e-01
  0.31485073   0.53676503       2.72816116e-05       9.78032976e-05       9.78514000e-05       3.65324435e-04   0.69203000       2.40220000e-01
  0.27055564   0.53299198       1.49897603e-05       7.06048579e-05       7.03907997e-05       3.50817332e-04   0.69410000       3.58010000e-01
  0.32163027   0.56485173       2.97318205e-05       1.18573993e-04       1.18484714e-04       4.94593375e-04   0.75261000       2.32670000e-01
  0.28284738   0.50265658       1.79246558e-05       6.54480314e-05       6.57206428e-05       2.51353627e-04   0.95204000       2.99990000e-01
  0.22868686   0.40863578       8.23694094e-06       2.62465336e-05       2.62154176e-05       8.64652477e-05   0.82078000       1.71000000e-01
  0.27905622   0.54080569       1.68473562e-05       7.80476053e-05       7.79183419e-05       3.81629037e-04   0.93115000       3.06460000e-01
  0.28116501   0.48135472       1.74197605e-05       5.76154013e-05       5.77483056e-05       1.98301505e-04   0.73297000       2.05490000e-01
  0.18755443   0.45253765       4.28541627e-06       2.39014101e-05       2.38640096e-05       1.43633318e-04   0.81771000       1.31140000e-01
  0.26497336   0.53444556       1.39168499e-05       6.82401302e-05       6.82179919e-05       3.56230902e-04   0.67129000       2.01520000e-01
  0.27439393   0.57862350       1.59176691e-05       9.18320527e-05       9.18922837e-05       5.72847274e-04   0.69593000       2.44550000e-01
  0.21400115   0.47283624       6.55186354e-06       3.32778079e-05       3.32413349e-05       1.80496483e-04   0.76393000       8.74300000e-02
  0.30840750   0.58025833       2.50083028e-05       1.17407533e-04       1.17316452e-04       5.82849046e-04   0.52188000       1.82280000e-01
  0.19282589   0.43765976       4.63330261e-06       2.29644524e-05       2.29219030e-05       1.20948207e-04   0.68201000       9.98800000e-02
  0.23681536   0.42347370       9.26975263e-06       3.03076550e-05       3.03009147e-05       1.02676210e-04   0.47109000       1.09170000e-01
  0.12493081   0.42176496       1.30064782e-06       1.07809205e-05       1.08235871e-05       1.00656415e-04   0.63476000       1.04710000e-01
  0.10862004   0.31083089       8.85827712e-07       4.66748844e-06       4.64344415e-06       2.59380280e-05   0.68154000       5.95700000e-02
  0.06740607   0.10862004       2.71481252e-07       4.85618284e-07       4.92487851e-07       8.85827712e-07   0.38714000       4.25000000e-02
  0.15912452   0.26626560       2.58915991e-06       5.97193457e-06       6.01491144e-06       1.41403751e-05   0.37976000       6.05500000e-02
  0.26108206   0.41936547       1.32043150e-05       3.55786535e-05       3.55111908e-05       9.80713188e-05   0.31477000       1.01530000e-01
  0.17787230   0.26583512       3.61880978e-06       7.11103673e-06       7.10492374e-06       1.41116471e-05   0.36272000       5.32900000e-02
  0.18707332   0.46805761       4.24874381e-06       2.57975102e-05       2.58400374e-05       1.70989929e-04   0.84865000       1.73400000e-01
  0.11391489   0.33304106       9.99313055e-07       5.63836795e-06       5.66543430e-06       3.42787006e-05   0.94643000       1.08190000e-01
  0.17298359   0.28995164       3.32079459e-06       7.99487365e-06       7.99744135e-06       1.96213476e-05   0.30351000       3.25000000e-02
  0.12075088   0.45319141       1.17688329e-06       1.22215441e-05       1.21970468e-05       1.44627049e-04   0.76575000       8.10000000e-02
  0.13219610   0.29533489       1.52203164e-06       5.53271450e-06       5.56090366e-06       2.10796270e-05   0.60477000       7.63000000e-02
  0.06519367   0.32083619       2.47097272e-07       2.55861091e-06       2.56039814e-06       2.94473403e-05   0.96574000       8.39500000e-02
  0.22413017   0.46613678       7.70866552e-06       3.48551532e-05       3.48681959e-05       1.67477767e-04   0.89947000       2.22400000e-01
  0.09146926   0.17396389       5.63640730e-07       1.37985428e-06       1.36882765e-06       3.38712078e-06   0.53181000       4.73300000e-02
  0.10542812   0.29285559       8.17449263e-07       3.99113520e-06       3.97493499e-06       2.04396121e-05   0.64006000       6.62000000e-02
  0.12232076   0.30108508       1.22185239e-06       5.13522772e-06       5.15194595e-06       2.27366611e-05   0.69179000       1.15760000e-01
  0.13167925   0.24218249       1.49582807e-06       3.83354778e-06       3.84107153e-06       1.00415894e-05   0.41339000       4.25000000e-02
  0.07071745   0.27055564       3.02133628e-07       2.03600322e-06       2.06326188e-06       1.49897603e-05   0.88452000       1.24840000e-01
  0.09362998   0.22823251       5.93777777e-07       2.16846199e-06       2.16339749e-06       8.13344826e-06   0.61950000       7.21900000e-02
  0.15310740   0.27821088       2.30368438e-06       6.12933773e-06       6.14012393e-06       1.67207239e-05   0.52323000       7.17400000e-02
  0.10596088   0.33615530       8.21758293e-07       5.23888167e-06       5.21956899e-06       3.57748081e-05   0.83482000       1.11590000e-01
  0.05407843   0.21353729       1.57984760e-07       9.93738785e-07       9.89611535e-07       6.51662702e-06   0.62131000       5.27900000e-02
  0.14856390   0.31002405       2.13114246e-06       7.21580769e-06       7.26167477e-06       2.56002450e-05   0.50454000       6.79300000e-02
  0.08550329   0.24396242       4.75335170e-07       2.19356082e-06       2.16597043e-06       1.03723531e-05   0.66773000       6.99500000e-02
  0.12232076   0.25716872       1.22185239e-06       3.85575395e-06       3.85095108e-06       1.25006039e-05   0.69574000       1.42820000e-01
  0.05964666   0.21121351       1.96212247e-07       1.10207733e-06       1.08368350e-06       6.30196769e-06   0.80503000       5.01600000e-02
  0.10008354   0.40232669       7.01889973e-07       7.14132311e-06       7.06921218e-06       8.02702418e-05   0.50314000       6.14900000e-02
  0.09146926   0.31042759       5.63640730e-07       3.70030271e-06       3.67019828e-06       2.57952066e-05   0.63717000       8.71700000e-02
  0.11865323   0.24706640       1.12863223e-06       3.43602514e-06       3.44817350e-06       1.07967306e-05   0.53574000       5.63400000e-02
  0.06906286   0.31404866       2.82348082e-07       2.65015200e-06       2.63077474e-06       2.70443809e-05   0.57747000       5.22200000e-02
  0.12753282   0.37355112       1.35565731e-06       8.49473831e-06       8.43460383e-06       5.69002845e-05   0.61700000       7.51800000e-02
  0.04569153   0.34234107       1.08023648e-07       1.91133388e-06       1.90440253e-06       3.87360730e-05   0.88142000       9.64200000e-02
  0.11338682   0.24706640       9.93026955e-07       3.22808734e-06       3.22713355e-06       1.07967306e-05   0.65663000       8.98300000e-02
  0.10489505   0.24351786       8.03326932e-07       2.83108144e-06       2.82215097e-06       1.02480027e-05   0.63434000       1.06110000e-01
  0.16161789   0.37940514       2.69558915e-06       1.25091101e-05       1.24505312e-05       6.10939545e-05   0.82472000       1.76690000e-01
  0.15461606   0.28745268       2.37860417e-06       6.63577265e-06       6.63865004e-06       1.90008217e-05   0.50832000       1.04180000e-01
  0.15461606   0.37721583       2.37860417e-06       1.14679420e-05       1.15219999e-05       5.93263110e-05   0.49183000       7.09100000e-02
  0.07016617   0.26411052       2.97030801e-07       1.94494484e-06       1.95943494e-06       1.37503939e-05   0.72515000       9.80000000e-02
  0.19043447   0.34426258       4.49431067e-06       1.31893338e-05       1.31545173e-05       3.97240924e-05   0.65173000       1.32440000e-01
  0.08930386   0.35454531       5.29616506e-07       4.69871788e-06       4.64167707e-06       4.51939328e-05   0.76172000       7.57900000e-02
  0.08004993   0.26884283       4.04757810e-07       2.38946519e-06       2.36798854e-06       1.47648941e-05   0.97070000       1.32470000e-01
  0.13426026   0.29862666       1.58451330e-06       5.77340764e-06       5.79655879e-06       2.20111546e-05   0.80310000       1.41920000e-01
  0.11497007   0.26583512       1.03455285e-06       3.74928608e-06       3.75397707e-06       1.41116471e-05   0.50713000       5.51400000e-02
  0.13580497   0.37281579       1.63687558e-06       9.27660697e-06       9.25497470e-06       5.64301744e-05   0.81023000       1.02300000e-01
  0.12545186   0.32755641       1.31942883e-06       6.32187618e-06       6.32462915e-06       3.21695767e-05   0.70829000       9.85700000e-02
  0.12545186   0.23950407       1.31942883e-06       3.52385926e-06       3.54111423e-06       9.67732812e-06   0.55236000       7.27600000e-02
  0.08659059   0.26281424       4.93806685e-07       2.50641036e-06       2.51796558e-06       1.34826991e-05   0.86386000       1.16690000e-01
  0.04625179   0.26927143       1.12188671e-07       1.23045007e-06       1.23288600e-06       1.48168428e-05   0.89480000       7.28500000e-02
  0.24883391   1.01547287       1.10327786e-05       5.80724393e-04       5.80645811e-04       4.32351250e-02   0.88601000       1.16260000e-01
  0.42415600   0.90490970       1.03444819e-04       1.18322711e-03       1.18326185e-03       1.52831135e-02   0.68247000       1.08470000e-01
  0.37904075   0.98369977       6.06980585e-05       1.26981561e-03       1.26930401e-03       3.21846019e-02   0.97438000       1.41720000e-01
  0.25410964   0.73651077       1.19097586e-05       1.72008833e-04       1.71832236e-04       2.92965132e-03   0.92767000       1.90280000e-01
  0.35680925   0.86799993       4.62497140e-05       6.53280095e-04       6.53166587e-04       1.07164743e-02   0.59086000       9.70300000e-02
  0.34426258   0.99695950       3.97240924e-05       1.06989737e-03       1.07054739e-03       3.64150217e-02   0.96532000       2.25810000e-01
  0.30149396   0.68828517       2.28464483e-05       1.92134840e-04       1.92180613e-04       1.79611114e-03   0.59356000       1.95130000e-01
  0.31645203   0.68049565       2.78849945e-05       2.04950221e-04       2.05207827e-04       1.65848778e-03   0.77093000       1.75870000e-01
  0.20513618   0.74919614       5.70540838e-06       1.22909697e-04       1.22933459e-04       3.32739039e-03   0.53970000       8.74900000e-02
  0.25498504   0.57698492       1.20811493e-05       7.90774112e-05       7.89386678e-05       5.63134082e-04   0.51001000       1.09310000e-01
  0.25279446   0.51769238       1.17800500e-05       5.71745564e-05       5.72496541e-05       2.96837138e-04   0.59654000       1.10710000e-01
  0.18755443   0.78937918       4.28541627e-06       1.26952141e-04       1.26893070e-04       4.96580077e-03   0.45670000       8.55300000e-02
  0.33069594   0.60644478       3.34214801e-05       1.55877831e-04       1.55854759e-04       7.69069926e-04   0.75944000       1.73570000e-01
  0.34617863   0.60381602       4.05176142e-05       1.70147646e-04       1.69960644e-04       7.48077911e-04   0.37248000       5.67900000e-02
  0.14907003   0.73606964       2.13742792e-06       6.79870046e-05       6.80884001e-05       2.91616979e-03   0.52801000       1.35150000e-01
  0.18030471   0.95880649       3.79582065e-06       2.52509721e-04       2.52740365e-04       2.54850199e-02   0.38344000       6.46600000e-02
  0.19378027   0.98221488       4.74862273e-06       3.16766104e-04       3.16628661e-04       3.17411174e-02   0.72467000       1.65620000e-01
  0.21908370   0.90652638       7.14040778e-06       2.83820068e-04       2.83930307e-04       1.55218424e-02   0.59722000       1.03310000e-01
  0.27778782   0.97558670       1.66469220e-05       6.10468009e-04       6.10400380e-04       2.98329688e-02   0.72598000       1.71040000e-01
  0.36912706   0.87360993       5.38035821e-05       7.25748856e-04       7.26062122e-04       1.13125152e-02   0.76040000       1.94470000e-01
  0.23591682   0.61686522       9.19195451e-06       8.35330530e-05       8.35267049e-05       8.58098718e-04   0.75595000       9.15400000e-02
  0.26669581   0.91722926       1.42579935e-05       4.34409591e-04       4.34404770e-04       1.71910137e-02   0.64915000       9.83800000e-02
  0.34387871   0.58514043       3.93569564e-05       1.52202783e-04       1.52133444e-04       6.13791954e-04   0.50921000       7.81900000e-02
  0.17298359   0.57149553       3.32079459e-06       3.88946605e-05       3.88823485e-05       5.30941206e-04   0.70414000       1.53050000e-01
  0.20089854   0.44165910       5.33228663e-06       2.52753315e-05       2.51941230e-05       1.26907699e-04   0.55006000       1.30440000e-01
  0.24795072   0.93652330       1.09112688e-05       4.09537061e-04       4.09499478e-04       2.06499725e-02   0.93382000       1.57910000e-01
  0.24485068   0.82765413       1.04207808e-05       2.45016382e-04       2.44907907e-04       7.23737616e-03   0.57279000       1.10370000e-01
  0.15662306   0.45155584       2.46394109e-06       1.77808512e-05       1.77885077e-05       1.41870617e-04   0.50476000       1.65340000e-01
  0.17445356   0.79143914       3.39103332e-06       1.13320393e-04       1.13258364e-04       5.06756142e-03   0.98498000       2.07100000e-01
  0.29240008   0.81183629       2.03060479e-05       3.24907043e-04       3.24923042e-04       6.19716870e-03   0.79998000       3.01410000e-01
  0.20827476   0.88304523       6.01092164e-06       2.33260946e-04       2.33205761e-04       1.23913695e-02   0.89945000       1.47560000e-01
  0.24923098   0.77040782       1.11605838e-05       1.94509338e-04       1.94448659e-04       4.11322771e-03   0.26799000       1.65040000e-01
  0.25261892   0.79417077       1.16642465e-05       2.22920740e-04       2.22850805e-04       5.20632448e-03   0.89013000       2.32950000e-01
  0.34633168   0.84801109       4.06039545e-05       5.56042506e-04       5.56031152e-04       8.82745303e-03   0.96078000       3.70480000e-01
  0.25864970   0.76710622       1.27548064e-05       2.05751388e-04       2.05707347e-04       3.97997013e-03   0.30461000       9.96700000e-02
  0.28999322   0.80227024       1.97091753e-05       3.05231644e-04       3.05597443e-04       5.63942311e-03   0.62473000       2.07810000e-01
  0.30079872   0.80164069       2.26872152e-05       3.28634557e-04       3.28804712e-04       5.60459814e-03   0.93146000       3.83230000e-01
  0.27698329   0.81247808       1.63884356e-05       2.91532050e-04       2.91233666e-04       6.23655432e-03   0.47571000       1.92450000e-01
  0.29194425   0.87219220       2.01119303e-05       4.27315237e-04       4.27167681e-04       1.11597181e-02   0.54215000       1.69580000e-01
  0.28234310   0.74392829       1.76996525e-05       2.19568782e-04       2.19550217e-04       3.15619466e-03   0.71630000       2.60220000e-01
  0.25454748   0.86653528       1.20442995e-05       3.15570932e-04       3.15489390e-04       1.05662901e-02   0.77237000       1.66490000e-01
  0.26862843   0.88516278       1.46589466e-05       3.81822269e-04       3.81849989e-04       1.26459161e-02   0.68255000       2.69830000e-01
  0.26712575   0.77373784       1.43564272e-05       2.26136823e-04       2.26127559e-04       4.25144906e-03   0.51266000       1.62940000e-01
  0.30149396   0.69062983       2.28464483e-05       1.94573279e-04       1.94393716e-04       1.84016736e-03   0.29959000       8.17200000e-02
  0.27990051   0.54625245       1.71210452e-05       8.07186128e-05       8.07985268e-05       4.04668450e-04   0.34594000       1.01400000e-01
  0.40548859   0.72942248       8.34172380e-05       4.61525370e-04       4.61902501e-04       2.72747311e-03   0.57298000       2.24260000e-01
  0.08843639   0.35594230       5.14884774e-07       4.63575513e-06       4.61336566e-06       4.58133635e-05   0.68373000       1.18970000e-01
  0.17249296   0.41795610       3.29335552e-06       1.72070216e-05       1.71993558e-05       9.63599674e-05   0.56946000       1.21630000e-01
  0.23122581   0.30755727       8.56875251e-06       1.45344295e-05       1.45325131e-05       2.48288148e-05   0.22731000       5.68800000e-02
  0.07681961   0.43255991       3.71527816e-07       5.94933675e-06       5.96668534e-06       1.14167992e-04   0.98579000       1.23970000e-01
  0.08572084   0.35306966       4.83938137e-07       4.37042804e-06       4.38829463e-06       4.41869269e-05   0.96811000       1.67660000e-01
  0.08664493   0.26957129       4.93227892e-07       2.60404312e-06       2.63304012e-06       1.47538381e-05   0.84057000       1.41550000e-01
  0.15617193   0.20644949       2.43620790e-06       3.75652345e-06       3.75703641e-06       5.81650724e-06   0.27516000       3.43700000e-02
  0.17268925   0.24088921       3.31705384e-06       5.70605211e-06       5.70791012e-06       9.88834368e-06   0.25495000       6.33900000e-02
  0.09298226   0.22161143       5.88817814e-07       2.04173050e-06       2.05398783e-06       7.34218247e-06   0.80933000       9.01600000e-02
  0.09314423   0.35564049       5.98854772e-07       4.97415413e-06       4.97300182e-06       4.57209660e-05   0.78624000       1.10970000e-01
  0.06878688   0.15441507       2.87127584e-07       8.08757299e-07       8.22600810e-07       2.36302750e-06   0.59133000       7.01200000e-02
  0.05664231   0.11980757       1.74648078e-07       4.52372669e-07       4.44587231e-07       1.15782210e-06   0.52011000       4.47400000e-02
  0.09114475   0.27183745       5.66233593e-07       2.85941210e-06       2.87101229e-06       1.53330176e-05   0.73576000       1.15040000e-01
  0.09901096   0.26277099       7.02806477e-07       3.02734821e-06       3.01888284e-06       1.35861306e-05   0.56126000       6.83900000e-02
  0.09454686   0.33226025       6.14874741e-07       4.41097844e-06       4.38920806e-06       3.41198013e-05   0.78761000       9.93400000e-02
  0.07308511   0.19187026       3.28994998e-07       1.19747180e-06       1.21623860e-06       4.57279576e-06   0.81933000       7.60900000e-02
  0.06966980   0.23892239       2.85763104e-07       1.62542924e-06       1.61123666e-06       9.59043922e-06   0.90759000       7.96100000e-02
  0.05831214   0.13944915       1.89026162e-07       5.71631108e-07       5.71951604e-07       1.75394437e-06   0.61501000       8.86900000e-02
  0.05106357   0.29591210       1.41643612e-07       1.64103860e-06       1.64884844e-06       2.12867430e-05   0.86969000       6.81600000e-02
  0.11465365   0.19696838       1.01725111e-06       2.24630802e-06       2.23769300e-06       4.99421709e-06   0.56034000       6.06500000e-02
  0.03530397   0.36504604       6.02909955e-08       1.62257618e-06       1.61247377e-06       5.12977794e-05   0.97971000       7.89200000e-02
  0.14607916   0.20869532       2.01970555e-06       3.50074412e-06       3.48747687e-06       6.08007815e-06   0.33297000       4.09300000e-02
  0.07572248   0.18664006       3.49705490e-07       1.19247196e-06       1.19555241e-06       4.17267202e-06   0.59308000       5.30000000e-02
  0.08952061   0.28381287       5.27351693e-07       3.01292532e-06       2.99140261e-06       1.80361789e-05   0.77390000       1.25770000e-01
  0.11544450   0.24949557       1.03491370e-06       3.37264527e-06       3.34905689e-06       1.11978246e-05   0.50927000       8.65500000e-02
  0.07187433   0.28970216       3.09947247e-07       2.39220225e-06       2.36782993e-06       1.96265925e-05   0.90323000       8.36200000e-02
  0.10537483   0.15083894       8.11329922e-07       1.34598113e-06       1.33079474e-06       2.21293989e-06   0.34082000       4.50800000e-02
  0.25147679   0.86405092       1.15460662e-05       3.04653236e-04       3.04710040e-04       1.03150223e-02   0.64173000       1.82530000e-01
  0.43094145   0.84883666       1.12076383e-04       9.52093580e-04       9.52314188e-04       8.89878537e-03   0.67633000       1.92370000e-01
  0.21307314   0.54881782       6.47662533e-06       4.91590078e-05       4.92565435e-05       4.16014643e-04   0.91533000       9.05500000e-02
  0.20560549   0.93565524       5.77351461e-06       2.87373200e-04       2.87594318e-04       2.04805034e-02   0.81363000       2.31420000e-01
  0.29739411   0.60249803       2.17511704e-05       1.22061186e-04       1.22110066e-04       7.37848785e-04   0.40948000       1.16470000e-01
  0.34885201   0.78171118       4.20064646e-05       4.14680007e-04       4.14779926e-04       4.60192284e-03   0.60240000       1.71340000e-01
  0.31002405   0.56429525       2.56002450e-05       1.09438313e-04       1.09331592e-04       4.91749580e-04   0.55205000       1.57020000e-01
  0.29903701   0.72339086       2.21312863e-05       2.24243175e-04       2.24018914e-04       2.56685046e-03   0.80790000       2.29790000e-01
  0.06242295   0.49899886       2.19071273e-07       6.49376063e-06       6.46122630e-06       2.41614893e-04   0.77384000       1.28680000e-01
