  0.10754617   0.23140202   0.00000090   0.00000276   0.00000276   0.00000872
  0.13011562   0.26884206   0.00000148   0.00000463   0.00000462   0.00001488
  0.05852641   0.30394555   0.00000020   0.00000206   0.00000208   0.00002384
  0.08820887   0.35114474   0.00000055   0.00000455   0.00000461   0.00004338
  0.09631335   0.24306942   0.00000067   0.00000257   0.00000259   0.00001030
  0.10274862   0.26151391   0.00000079   0.00000318   0.00000319   0.00001341
  0.13166814   0.53766639   0.00000153   0.00002168   0.00002162   0.00036961
  0.03558021   0.27055507   0.00000007   0.00000094   0.00000094   0.00001522
  0.07510886   0.21907773   0.00000036   0.00000159   0.00000157   0.00000724
  0.09900001   0.37941860   0.00000071   0.00000624   0.00000621   0.00006127
  0.07675491   0.30190582   0.00000038   0.00000285   0.00000285   0.00002326
  0.10060838   0.28870490   0.00000075   0.00000369   0.00000371   0.00001944
  0.21399472   0.63731056   0.00000667   0.00007764   0.00007770   0.00106263
  0.26497215   0.75184124   0.00001404   0.00020120   0.00020100   0.00341777
  0.34657023   0.64132395   0.00004104   0.00020658   0.00020659   0.00110799
  0.23501270   0.64207402   0.00000910   0.00009417   0.00009404   0.00111656
  0.18658328   0.95032974   0.00000424   0.00025894   0.00025862   0.02353268
  0.20700457   0.59936452   0.00000599   0.00006075   0.00006079   0.00071431
  0.40093302   0.86785260   0.00007919   0.00086603   0.00086591   0.01070257
  0.42825546   0.84907050   0.00010885   0.00093858   0.00093848   0.00892003
  0.09792624   0.89536573   0.00000071   0.00007527   0.00007537   0.01394999
  0.33148558   0.59803816   0.00003389   0.00015042   0.00015032   0.00070429
  0.13887467   0.65470973   0.00000178   0.00004172   0.00004170   0.00127293
  0.37503226   0.79763272   0.00005816   0.00053007   0.00053015   0.00538828
  0.26281278   0.55593063   0.00001367   0.00007550   0.00007542   0.00045007
  0.22777272   0.41039557   0.00000824   0.00002649   0.00002649   0.00008856
  0.22731775   0.41004746   0.00000818   0.00002637   0.00002634   0.00008823
  0.24794763   0.59803816   0.00001112   0.00008362   0.00008377   0.00070429
  0.26841314   0.54685787   0.00001480   0.00007485   0.00007500   0.00040781
  0.27226382   0.50177340   0.00001561   0.00006090   0.00006086   0.00024973
  0.28912132   0.55084161   0.00001961   0.00008866   0.00008867   0.00042597
  0.31485560   0.53679848   0.00002755   0.00009807   0.00009831   0.00036582
  0.27055507   0.53302501   0.00001522   0.00007073   0.00007084   0.00035110
  0.25103424   0.45026752   0.00001150   0.00003947   0.00003932   0.00014026
  0.32163602   0.56488810   0.00002994   0.00011902   0.00011885   0.00049543
  0.28284826   0.50268613   0.00001802   0.00006596   0.00006588   0.00025228
  0.22868180   0.40865320   0.00000834   0.00002635   0.00002640   0.00008665
  0.23905265   0.45614932   0.00000967   0.00003717   0.00003713   0.00014976
  0.27905665   0.54083958   0.00001707   0.00007855   0.00007834   0.00038265
  0.28116569   0.48138166   0.00001766   0.00005796   0.00005815   0.00019890
  0.18754588   0.45256092   0.00000439   0.00002404   0.00002410   0.00014397
  0.26497215   0.53447876   0.00001404   0.00006845   0.00006846   0.00035669
  0.27439381   0.57866120   0.00001600   0.00009232   0.00009207   0.00057397
  0.21399472   0.47286212   0.00000667   0.00003350   0.00003349   0.00018100
  0.30841155   0.58029618   0.00002530   0.00011785   0.00011786   0.00058376
  0.19281772   0.43768107   0.00000475   0.00002310   0.00002318   0.00012125
  0.23681111   0.42349312   0.00000943   0.00003056   0.00003059   0.00010313
  0.22868180   0.50571987   0.00000834   0.00004484   0.00004484   0.00026066
  0.12491961   0.42178415   0.00000133   0.00001090   0.00001092   0.00010106
  0.10860888   0.31083524   0.00000091   0.00000470   0.00000471   0.00002602
  0.06739694   0.10860888   0.00000028   0.00000050   0.00000051   0.00000091
  0.15911428   0.26626454   0.00000263   0.00000611   0.00000608   0.00001437
  0.26108041   0.41938434   0.00001336   0.00003570   0.00003576   0.00009826
  0.17786310   0.26583401   0.00000368   0.00000721   0.00000720   0.00001426
  0.15208947   0.43901698   0.00000229   0.00001601   0.00001597   0.00012327
  0.18706474   0.46808288   0.00000433   0.00002603   0.00002604   0.00017157
  0.04232091   0.37905416   0.00000010   0.00000218   0.00000219   0.00006100
  0.11390367   0.33304830   0.00000103   0.00000577   0.00000576   0.00003465
  0.17297409   0.28995339   0.00000338   0.00000807   0.00000809   0.00001975
  0.12073966   0.45321476   0.00000120   0.00001234   0.00001229   0.00014508
  0.13218499   0.29533730   0.00000155   0.00000566   0.00000562   0.00002136
  0.06518474   0.32084183   0.00000026   0.00000258   0.00000260   0.00002957
  0.22412467   0.46616180   0.00000776   0.00003504   0.00003497   0.00016787
  0.09145857   0.17395445   0.00000059   0.00000141   0.00000142   0.00000344
  0.10541701   0.29285769   0.00000084   0.00000404   0.00000404   0.00002058
  0.12230954   0.30108821   0.00000126   0.00000527   0.00000524   0.00002307
  0.13166814   0.24217879   0.00000153   0.00000389   0.00000390   0.00001014
  0.07070804   0.27055507   0.00000031   0.00000210   0.00000209   0.00001522
  0.09361921   0.22822741   0.00000063   0.00000221   0.00000224   0.00000824
  0.15309691   0.27821121   0.00000236   0.00000626   0.00000624   0.00001695
  0.10594977   0.33616295   0.00000084   0.00000534   0.00000529   0.00003610
  0.17051760   0.39632933   0.00000322   0.00001506   0.00001504   0.00007494
  0.05407071   0.21353082   0.00000017   0.00000102   0.00000102   0.00000661
  0.14855323   0.31002831   0.00000216   0.00000732   0.00000731   0.00002581
  0.08549288   0.24395891   0.00000049   0.00000223   0.00000220   0.00001046
  0.12230954   0.25716663   0.00000126   0.00000389   0.00000393   0.00001256
  0.05963830   0.21120683   0.00000021   0.00000113   0.00000112   0.00000639
  0.10007256   0.40234326   0.00000074   0.00000717   0.00000720   0.00008039
  0.09145857   0.31043189   0.00000059   0.00000376   0.00000376   0.00002599
  0.11864200   0.24706322   0.00000117   0.00000351   0.00000353   0.00001094
  0.06905358   0.31405343   0.00000030   0.00000269   0.00000271   0.00002723
  0.07565780   0.34427131   0.00000037   0.00000360   0.00000360   0.00003989
  0.12752164   0.37356379   0.00000141   0.00000860   0.00000859   0.00005721
  0.04568493   0.34234955   0.00000011   0.00000194   0.00000194   0.00003897
  0.11337561   0.24706322   0.00000102   0.00000330   0.00000328   0.00001094
  0.10488395   0.24351430   0.00000083   0.00000290   0.00000288   0.00001041
  0.16160777   0.37941860   0.00000275   0.00001259   0.00001258   0.00006127
  0.15460562   0.28745412   0.00000245   0.00000670   0.00000677   0.00001912
  0.15460562   0.37722899   0.00000245   0.00001165   0.00001169   0.00005976
  0.07015680   0.26410921   0.00000031   0.00000200   0.00000199   0.00001395
  0.19042612   0.34427131   0.00000459   0.00001328   0.00001333   0.00003989
  0.08929326   0.35455541   0.00000055   0.00000473   0.00000472   0.00004532
  0.08003984   0.26884206   0.00000043   0.00000243   0.00000244   0.00001488
  0.13424919   0.29862947   0.00000162   0.00000586   0.00000588   0.00002219
  0.11495885   0.26583401   0.00000105   0.00000382   0.00000380   0.00001426
  0.13579393   0.37282836   0.00000168   0.00000934   0.00000937   0.00005659
  0.12544066   0.32756293   0.00000135   0.00000640   0.00000641   0.00003237
  0.07675491   0.34273434   0.00000038   0.00000362   0.00000365   0.00003906
  0.12544066   0.23950010   0.00000135   0.00000365   0.00000361   0.00000991
  0.08658013   0.26281278   0.00000051   0.00000257   0.00000255   0.00001367
  0.04624512   0.26927071   0.00000012   0.00000126   0.00000126   0.00001499
  0.10328291   0.37795965   0.00000079   0.00000653   0.00000654   0.00006013
  0.24883092   1.01548911   0.00001119   0.00058187   0.00058165   0.04324982
  0.42417551   0.90494584   0.00010385   0.00118496   0.00118462   0.01529080
  0.37905416   0.98372293   0.00006100   0.00127123   0.00127077   0.03219599
  0.25410721   0.73655679   0.00001208   0.00017241   0.00017235   0.00293165
  0.35681966   0.86804021   0.00004654   0.00065428   0.00065414   0.01072194
  0.34427131   0.99697989   0.00003989   0.00107160   0.00107164   0.03642851
  0.30149713   0.68833017   0.00002312   0.00019271   0.00019282   0.00179786
  0.31645710   0.68054035   0.00002806   0.00020575   0.00020561   0.00166059
  0.20512898   0.74924217   0.00000580   0.00012331   0.00012328   0.00332982
  0.25498271   0.57702246   0.00001223   0.00007923   0.00007928   0.00056357
  0.13063345   0.50783560   0.00000151   0.00001836   0.00001841   0.00026678
  0.25279189   0.51772369   0.00001185   0.00005752   0.00005738   0.00029757
  0.18754588   0.78942449   0.00000439   0.00012729   0.00012734   0.00496872
  0.33070287   0.60648490   0.00003358   0.00015638   0.00015615   0.00077012
  0.34618762   0.60385593   0.00004066   0.00017060   0.00017023   0.00074899
  0.14905939   0.73611566   0.00000217   0.00006831   0.00006827   0.00291858
  0.18029566   0.95883437   0.00000386   0.00025320   0.00025322   0.02549557
  0.19377218   0.98223834   0.00000482   0.00031726   0.00031722   0.03175186
  0.21907773   0.90656231   0.00000724   0.00028436   0.00028449   0.01552859
  0.30231425   0.79353902   0.00002335   0.00032064   0.00032052   0.00517521
  0.27778810   0.97561146   0.00001677   0.00061141   0.00061121   0.02984391
  0.36913913   0.87364966   0.00005407   0.00072720   0.00072700   0.01131908
  0.23591248   0.61690616   0.00000928   0.00008365   0.00008376   0.00085859
  0.26669480   0.91726375   0.00001447   0.00043552   0.00043534   0.01719965
  0.34388739   0.58517873   0.00003970   0.00015260   0.00015272   0.00061457
  0.17297409   0.57153255   0.00000338   0.00003912   0.00003906   0.00053176
  0.20089100   0.44168094   0.00000544   0.00002530   0.00002542   0.00012696
  0.24794763   0.93655493   0.00001112   0.00041037   0.00041051   0.02065882
  0.21027512   0.74924217   0.00000632   0.00012884   0.00012893   0.00332982
  0.24484726   0.82769761   0.00001059   0.00024560   0.00024557   0.00724152
  0.18078123   0.99209161   0.00000391   0.00029342   0.00029347   0.03480880
  0.15661271   0.45157898   0.00000253   0.00001796   0.00001797   0.00014239
  0.12752164   0.46776307   0.00000141   0.00001433   0.00001441   0.00017067
  0.17444414   0.79148438   0.00000350   0.00011370   0.00011375   0.00507082
  0.22686247   0.55480291   0.00000812   0.00005706   0.00005704   0.00044455
  0.29240212   0.81188066   0.00002051   0.00032550   0.00032559   0.00620066
  0.20826783   0.88308397   0.00000610   0.00023357   0.00023367   0.01239643
  0.24922803   0.77045362   0.00001125   0.00019499   0.00019477   0.00411592
  0.25261633   0.79421591   0.00001178   0.00022337   0.00022327   0.00520929
  0.34634069   0.84805313   0.00004095   0.00055673   0.00055707   0.00883167
  0.25864777   0.76715207   0.00001289   0.00020614   0.00020616   0.00398229
  0.26574787   0.79024907   0.00001417   0.00024210   0.00024210   0.00500854
  0.28999497   0.80231507   0.00001979   0.00030612   0.00030592   0.00564351
  0.30080181   0.80168554   0.00002293   0.00032942   0.00032954   0.00560832
  0.27698348   0.81252243   0.00001663   0.00029212   0.00029203   0.00624012
  0.29194624   0.87223207   0.00002029   0.00042789   0.00042787   0.01116470
  0.28234392   0.74397433   0.00001787   0.00022000   0.00022005   0.00315822
  0.25454510   0.86657571   0.00001215   0.00031587   0.00031598   0.01057048
  0.26862764   0.88520128   0.00001472   0.00038249   0.00038223   0.01265181
  0.26712478   0.77378357   0.00001445   0.00022666   0.00022647   0.00425419
  0.30149713   0.69067491   0.00002312   0.00019486   0.00019504   0.00184130
  0.27990105   0.54628692   0.00001736   0.00008106   0.00008126   0.00040537
  0.40550559   0.72946844   0.00008350   0.00046239   0.00046217   0.00272970
  0.32638169   0.68597812   0.00003187   0.00022560   0.00022577   0.00175502
  0.12178657   0.47874246   0.00000124   0.00001424   0.00001429   0.00019315
  0.08842584   0.35595259   0.00000054   0.00000472   0.00000471   0.00004613
  0.17248343   0.41797478   0.00000336   0.00001735   0.00001735   0.00009669
  0.23122100   0.30756122   0.00000865   0.00001464   0.00001464   0.00002496
  0.07680974   0.43258054   0.00000038   0.00000600   0.00000602   0.00011443
  0.08571042   0.35307957   0.00000050   0.00000446   0.00000445   0.00004455
  0.06772844   0.38724294   0.00000028   0.00000400   0.00000400   0.00006729
  0.07390026   0.53497234   0.00000034   0.00000973   0.00000968   0.00035896
  0.08663446   0.26957061   0.00000051   0.00000271   0.00000269   0.00001507
  0.07158950   0.31288860   0.00000032   0.00000276   0.00000279   0.00002669
  0.15616157   0.20644241   0.00000251   0.00000385   0.00000385   0.00000594
  0.17267974   0.24088537   0.00000336   0.00000582   0.00000577   0.00001004
  0.10855577   0.39287374   0.00000091   0.00000761   0.00000762   0.00007191
  0.09297151   0.22160569   0.00000061   0.00000208   0.00000211   0.00000744
  0.09313347   0.35565075   0.00000061   0.00000506   0.00000503   0.00004603
  0.06877763   0.15440463   0.00000029   0.00000083   0.00000083   0.00000241
  0.05663429   0.11979634   0.00000018   0.00000046   0.00000046   0.00000118
  0.07455965   0.32515891   0.00000035   0.00000317   0.00000313   0.00003139
  0.09113407   0.27183703   0.00000059   0.00000293   0.00000295   0.00001552
  0.07527357   0.38695476   0.00000036   0.00000458   0.00000454   0.00006716
  0.09900001   0.26276953   0.00000071   0.00000305   0.00000303   0.00001364
  0.09453605   0.33226739   0.00000065   0.00000449   0.00000450   0.00003437
  0.07307550   0.19186202   0.00000034   0.00000122   0.00000124   0.00000464
  0.06966047   0.23891836   0.00000030   0.00000166   0.00000166   0.00000969
  0.09145857   0.32183442   0.00000059   0.00000402   0.00000403   0.00003005
  0.05830393   0.13943820   0.00000020   0.00000060   0.00000059   0.00000182
  0.05105623   0.29591458   0.00000015   0.00000168   0.00000168   0.00002149
  0.05083273   0.26974192   0.00000014   0.00000140   0.00000140   0.00001500
  0.11464243   0.19696053   0.00000104   0.00000231   0.00000227   0.00000511
  0.03529905   0.36505756   0.00000006   0.00000164   0.00000164   0.00005151
  0.09405077   0.31952939   0.00000063   0.00000409   0.00000410   0.00002910
  0.05139143   0.21561597   0.00000015   0.00000097   0.00000098   0.00000681
  0.07872703   0.35262481   0.00000040   0.00000399   0.00000398   0.00004428
  0.14606840   0.20868843   0.00000208   0.00000353   0.00000358   0.00000612
  0.07571268   0.18663144   0.00000037   0.00000124   0.00000123   0.00000429
  0.08951000   0.28381387   0.00000056   0.00000306   0.00000310   0.00001818
  0.11543327   0.24949265   0.00000109   0.00000341   0.00000346   0.00001127
  0.07186482   0.28970387   0.00000032   0.00000241   0.00000242   0.00001969
  0.15736403   0.44658195   0.00000257   0.00001759   0.00001763   0.00013444
  0.10536372   0.15082836   0.00000085   0.00000138   0.00000138   0.00000226
  0.25147407   0.86409157   0.00001158   0.00030517   0.00030495   0.01031988
  0.43096186   0.84887864   0.00011221   0.00095297   0.00095294   0.00890292
  0.21306663   0.54885256   0.00000656   0.00004942   0.00004947   0.00041673
  0.20559834   0.93568700   0.00000582   0.00028802   0.00028798   0.02048921
  0.29739677   0.60253783   0.00002192   0.00012220   0.00012247   0.00073827
  0.34886135   0.78175672   0.00004235   0.00041556   0.00041566   0.00460519
  0.31002831   0.56433157   0.00002581   0.00010970   0.00010971   0.00049230
  0.29903988   0.72343675   0.00002238   0.00022447   0.00022465   0.00256810
  0.06241430   0.49902797   0.00000023   0.00000656   0.00000656   0.00024214
