  0.10756541   0.23146011       9.04126714e-07       2.78692616e-06       2.78559127e-06       8.82246859e-06   0.58218000       8.29000000e-02
  0.13014072   0.26891532       1.53580152e-06       4.71817364e-06       4.75132537e-06       1.51227185e-05   0.55911000       9.14500000e-02
  0.05853464   0.30403456       2.08345160e-07       2.10911617e-06       2.12820680e-06       2.42241800e-05   0.79413000       9.21800000e-02
  0.08822350   0.35125736       5.42818350e-07       4.65427251e-06       4.63001794e-06       4.40556434e-05   0.92065000       1.21770000e-01
  0.09632986   0.24313206       6.74907485e-07       2.62329991e-06       2.60487526e-06       1.04863717e-05   0.81486000       1.23800000e-01
  0.10276668   0.26158406       8.09290115e-07       3.24328351e-06       3.25216938e-06       1.36379409e-05   0.97262000       1.57340000e-01
  0.03558404   0.27062906       6.59774184e-08       9.63617925e-07       9.57053929e-07       1.55041845e-05   0.85809000       9.40700000e-02
  0.07512056   0.21913120       3.66287693e-07       1.62140284e-06       1.60548503e-06       7.36917568e-06   0.64298000       7.49300000e-02
  0.09901716   0.37954675       7.33250102e-07       6.36516172e-06       6.36263204e-06       6.21017191e-05   0.87931000       1.33090000e-01
  0.07676697   0.30199386       3.88549189e-07       2.89747159e-06       2.89618187e-06       2.35711580e-05   0.83973000       9.75100000e-02
  0.10062592   0.28878688       7.76358326e-07       3.79574987e-06       3.80909685e-06       1.98467669e-05   0.54261000       6.30500000e-02
  0.20705367   0.59965166       6.05059837e-06       6.15690134e-05       6.14220130e-05       7.19902457e-04   0.57681000       1.63070000e-01
  0.33158802   0.59832413       3.44101155e-05       1.52188953e-04       1.51984518e-04       7.09980746e-04   0.47406000       1.32500000e-01
  0.26288348   0.55618075       1.39168420e-05       7.64411665e-05       7.63922832e-05       4.53908197e-04   0.49162000       1.76810000e-01
  0.22782944   0.41054196       8.33779497e-06       2.68685573e-05       2.68010510e-05       8.95790403e-05   0.24172000       8.92600000e-02
  0.22737429   0.41019363       8.33899752e-06       2.66627008e-05       2.67582020e-05       8.91099760e-05   0.26787000       1.00040000e-01
  0.26848621   0.54710063       1.49636195e-05       7.58446253e-05       7.57713269e-05       4.11494170e-04   0.55035000       1.50400000e-01
  0.27233854   0.50198134       1.58433888e-05       6.16313648e-05       6.16057808e-05       2.52041225e-04   0.59990000       2.02200000e-01
  0.28920348   0.55108758       1.99124800e-05       8.99021169e-05       8.97288598e-05       4.29976269e-04   0.86606000       4.32580000e-01
  0.31494982   0.53703320       2.79752237e-05       9.94833905e-05       9.94847763e-05       3.69510609e-04   0.69203000       2.40220000e-01
  0.27062906   0.53325677       1.55041845e-05       7.17530110e-05       7.17909390e-05       3.54515161e-04   0.69410000       3.58010000e-01
  0.32173354   0.56514562       3.04695721e-05       1.20186610e-04       1.20347460e-04       4.99255176e-04   0.75261000       2.32670000e-01
  0.28292762   0.50289474       1.82943030e-05       6.67773458e-05       6.66985579e-05       2.54670389e-04   0.95204000       2.99990000e-01
  0.22873886   0.40879853       8.52609085e-06       2.67733149e-05       2.68561839e-05       8.77389837e-05   0.82078000       1.71000000e-01
  0.27913433   0.54107751       1.73799551e-05       7.92895365e-05       7.93703456e-05       3.85578718e-04   0.93115000       3.06460000e-01
  0.28124430   0.48157484       1.79188318e-05       5.88463592e-05       5.88685788e-05       2.01137314e-04   0.73297000       2.05490000e-01
  0.18758829   0.45273425       4.42016395e-06       2.43910598e-05       2.43449948e-05       1.45494000e-04   0.81771000       1.31140000e-01
  0.26504376   0.53471165       1.43649944e-05       6.94261060e-05       6.95058239e-05       3.60104576e-04   0.67129000       2.01520000e-01
  0.27446945   0.57893034       1.63377067e-05       9.33462895e-05       9.33174522e-05       5.78437464e-04   0.69593000       2.44550000e-01
  0.21404632   0.47304930       6.77866159e-06       3.39538308e-05       3.39451258e-05       1.82798959e-04   0.76393000       8.74300000e-02
  0.30850267   0.58056671       2.57181131e-05       1.19020331e-04       1.19262067e-04       5.88152152e-04   0.52188000       1.82280000e-01
  0.19286190   0.43784461       4.83169029e-06       2.35739174e-05       2.35141391e-05       1.22885936e-04   0.68201000       9.98800000e-02
  0.23687129   0.42364762       9.61734105e-06       3.10179478e-05       3.10669530e-05       1.04341461e-04   0.47109000       1.09170000e-01
  0.12494331   0.42193758       1.36683676e-06       1.10811314e-05       1.11321640e-05       1.02211639e-04   0.63476000       1.04710000e-01
  0.10862839   0.31092752       9.47010265e-07       4.80905424e-06       4.84850837e-06       2.64736407e-05   0.68154000       5.95700000e-02
  0.06740700   0.10862839       2.81687485e-07       5.22590264e-07       5.09876109e-07       9.47010265e-07   0.38714000       4.25000000e-02
  0.15914768   0.26633669       2.69055343e-06       6.17705493e-06       6.20668493e-06       1.45293811e-05   0.37976000       6.05500000e-02
  0.26115038   0.41953626       1.36268241e-05       3.63333369e-05       3.63343505e-05       9.96164974e-05   0.31477000       1.01530000e-01
  0.17790234   0.26590598       3.75740182e-06       7.40251613e-06       7.33353913e-06       1.45854011e-05   0.36272000       5.32900000e-02
  0.18710699   0.46826675       4.40895537e-06       2.63589295e-05       2.64146972e-05       1.73212348e-04   0.84865000       1.73400000e-01
  0.11392451   0.33315153       1.06001979e-06       5.86609636e-06       5.88120774e-06       3.51203800e-05   0.94643000       1.08190000e-01
  0.17301177   0.29003593       3.45855140e-06       8.27025427e-06       8.25916495e-06       2.01484196e-05   0.30351000       3.25000000e-02
  0.12076226   0.45338853       1.22953148e-06       1.25669603e-05       1.24974315e-05       1.46713401e-04   0.76575000       8.10000000e-02
  0.13221065   0.29542230       1.60967977e-06       5.71960051e-06       5.78622331e-06       2.15891621e-05   0.60477000       7.63000000e-02
  0.06519434   0.32093897       2.61304729e-07       2.66356369e-06       2.65155468e-06       3.01366697e-05   0.96574000       8.39500000e-02
  0.22418001   0.46634435       7.94029907e-06       3.56109053e-05       3.55508541e-05       1.69773745e-04   0.89947000       2.22400000e-01
  0.09147395   0.17399244       5.96840596e-07       1.43580342e-06       1.43663165e-06       3.50388498e-06   0.53181000       4.73300000e-02
  0.10543573   0.29294156       8.68232620e-07       4.10254251e-06       4.14068700e-06       2.08494201e-05   0.64006000       6.62000000e-02
  0.12233256   0.30117587       1.27444232e-06       5.33350366e-06       5.31142122e-06       2.33304228e-05   0.69179000       1.15760000e-01
  0.13169365   0.24224108       1.57382755e-06       3.96659766e-06       3.99978526e-06       1.03212609e-05   0.41339000       4.25000000e-02
  0.07071880   0.27062906       3.23242461e-07       2.14931538e-06       2.15835976e-06       1.55041845e-05   0.88452000       1.24840000e-01
  0.09363509   0.22828429       6.24995066e-07       2.27568910e-06       2.25046501e-06       8.42939179e-06   0.61950000       7.21900000e-02
  0.15312851   0.27828852       2.40831852e-06       6.32797763e-06       6.35605922e-06       1.71422645e-05   0.52323000       7.17400000e-02
  0.10596861   0.33626777       8.67276659e-07       5.42132517e-06       5.40124593e-06       3.65427784e-05   0.83482000       1.11590000e-01
  0.05407806   0.21358226       1.68409825e-07       1.04632413e-06       1.03693263e-06       6.75703882e-06   0.62131000       5.27900000e-02
  0.14858350   0.31012020       2.19678826e-06       7.46753391e-06       7.43600539e-06       2.62330001e-05   0.50454000       6.79300000e-02
  0.08550689   0.24402190       5.10723256e-07       2.24765731e-06       2.27942632e-06       1.05756784e-05   0.66773000       6.99500000e-02
  0.12233256   0.25723498       1.27444232e-06       4.00072779e-06       3.97977868e-06       1.28554572e-05   0.69574000       1.42820000e-01
  0.05964676   0.21125743       2.12009236e-07       1.15602243e-06       1.14605511e-06       6.52334325e-06   0.80503000       5.01600000e-02
  0.10008997   0.40248478       7.49327077e-07       7.33665697e-06       7.31935232e-06       8.15087046e-05   0.50314000       6.14900000e-02
  0.09147395   0.31052398       5.96840596e-07       3.82470617e-06       3.80907316e-06       2.63548469e-05   0.63717000       8.71700000e-02
  0.11866406   0.24712745       1.18043139e-06       3.56748879e-06       3.57183319e-06       1.11127747e-05   0.53574000       5.63400000e-02
  0.06906399   0.31414726       3.00017907e-07       2.74418602e-06       2.73215286e-06       2.76280646e-05   0.57747000       5.22200000e-02
  0.12754604   0.37368864       1.42960183e-06       8.77601521e-06       8.71093873e-06       5.80176927e-05   0.61700000       7.51800000e-02
  0.04569065   0.34245755       1.16315880e-07       1.98245247e-06       1.98437395e-06       3.95114958e-05   0.88142000       9.64200000e-02
  0.11339631   0.24712745       1.04888618e-06       3.35303776e-06       3.36430365e-06       1.11127747e-05   0.65663000       8.98300000e-02
  0.10490253   0.24357712       8.40212007e-07       2.93610606e-06       2.92199785e-06       1.05351350e-05   0.63434000       1.06110000e-01
  0.16164193   0.37954675       2.83317947e-06       1.28166375e-05       1.28496331e-05       6.21017191e-05   0.82472000       1.76690000e-01
  0.15463767   0.28753554       2.47937682e-06       6.87364367e-06       6.85514154e-06       1.95138059e-05   0.50832000       1.04180000e-01
  0.15463767   0.37735590       2.47937682e-06       1.18055865e-05       1.18403775e-05       6.04333341e-05   0.49183000       7.09100000e-02
  0.07016744   0.26418046       3.19975646e-07       2.03029289e-06       2.05912294e-06       1.41449426e-05   0.72515000       9.80000000e-02
  0.19046950   0.34438031       4.66376435e-06       1.35049676e-05       1.35208948e-05       4.04457296e-05   0.65173000       1.32440000e-01
  0.08930814   0.35466985       5.66737346e-07       4.81652374e-06       4.82614561e-06       4.59175687e-05   0.76172000       7.57900000e-02
  0.08005263   0.26891532       4.29794999e-07       2.47333610e-06       2.46771258e-06       1.51227185e-05   0.97070000       1.32470000e-01
  0.13427541   0.29871599       1.65308788e-06       5.96147924e-06       5.98011569e-06       2.25256529e-05   0.80310000       1.41920000e-01
  0.11497996   0.26590598       1.09185099e-06       3.92788022e-06       3.90594811e-06       1.45854011e-05   0.50713000       5.51400000e-02
  0.13582058   0.37295280       1.71244866e-06       9.52425873e-06       9.52531681e-06       5.73941961e-05   0.81023000       1.02300000e-01
  0.12546450   0.32766340       1.38901700e-06       6.52209772e-06       6.54571220e-06       3.28487441e-05   0.70829000       9.85700000e-02
  0.12546450   0.23956133       1.38901700e-06       3.66285230e-06       3.68843528e-06       9.97738569e-06   0.55236000       7.27600000e-02
  0.08659438   0.26288348       5.25116982e-07       2.62751524e-06       2.62858200e-06       1.39168420e-05   0.86386000       1.16690000e-01
  0.04625094   0.26934415       1.17769275e-07       1.27397457e-06       1.27516253e-06       1.51577537e-05   0.89480000       7.28500000e-02
  0.25505016   0.57729020       1.23784279e-05       8.03061981e-05       8.01072916e-05       5.68365701e-04   0.51001000       1.09310000e-01
  0.25285844   0.51794360       1.20790963e-05       5.81042649e-05       5.81901978e-05       2.99996181e-04   0.59654000       1.10710000e-01
  0.34629762   0.60414706       4.14508693e-05       1.72386229e-04       1.72391248e-04       7.54690354e-04   0.37248000       5.67900000e-02
  0.34399619   0.58545346       4.02520793e-05       1.54299783e-04       1.54354137e-04       6.19547240e-04   0.50921000       7.81900000e-02
  0.17301177   0.57179564       3.45855140e-06       3.96147757e-05       3.96507877e-05       5.35955133e-04   0.70414000       1.53050000e-01
  0.20093795   0.44184708       5.53220501e-06       2.58145452e-05       2.57848805e-05       1.28663284e-04   0.55006000       1.30440000e-01
  0.15664536   0.45175165       2.57473188e-06       1.83052730e-05       1.82384452e-05       1.44100906e-04   0.50476000       1.65340000e-01
  0.27997910   0.54652921       1.76554050e-05       8.20108392e-05       8.22804010e-05       4.08828677e-04   0.34594000       1.01400000e-01
  0.08844052   0.35606778       5.55751918e-07       4.81825136e-06       4.81493570e-06       4.68071428e-05   0.68373000       1.18970000e-01
  0.17252096   0.41812582       3.41481707e-06       1.76593024e-05       1.76048540e-05       9.79140634e-05   0.56946000       1.21630000e-01
  0.23127902   0.30765193       8.81927228e-06       1.49388184e-05       1.49009149e-05       2.54216173e-05   0.22731000       5.68800000e-02
  0.07682181   0.43274080       3.90692607e-07       6.12920559e-06       6.13135576e-06       1.15858136e-04   0.98579000       1.23970000e-01
  0.08572448   0.35319322       5.09533520e-07       4.53734436e-06       4.52927696e-06       4.51264369e-05   0.96811000       1.67660000e-01
  0.08664873   0.26964418       5.19891513e-07       2.73641081e-06       2.73280365e-06       1.52401380e-05   0.84057000       1.41550000e-01
  0.15619408   0.20649131       2.57175740e-06       3.91199086e-06       3.94341291e-06       6.03258057e-06   0.27516000       3.43700000e-02
  0.17271732   0.24094715       3.44110450e-06       5.89429575e-06       5.89485798e-06       1.01732587e-05   0.25495000       6.33900000e-02
  0.09298724   0.22166009       6.25667545e-07       2.16130185e-06       2.15178202e-06       7.65753119e-06   0.80933000       9.01600000e-02
  0.09314924   0.35576577       6.30297347e-07       5.15395961e-06       5.13223264e-06       4.66623420e-05   0.78624000       1.10970000e-01
  0.06878798   0.15443662       2.97507126e-07       8.61690750e-07       8.48880304e-07       2.48960966e-06   0.59133000       7.01200000e-02
  0.05664214   0.11981870       1.88533499e-07       4.71398051e-07       4.75251899e-07       1.20115394e-06   0.52011000       4.47400000e-02
  0.09114938   0.27191157       5.94804192e-07       2.99063991e-06       2.97424519e-06       1.58003095e-05   0.73576000       1.15040000e-01
  0.09901716   0.26284021       7.33250102e-07       3.11980744e-06       3.11698579e-06       1.38946346e-05   0.56126000       6.83900000e-02
  0.09455214   0.33237023       6.52356930e-07       4.53822917e-06       4.55361458e-06       3.47532887e-05   0.78761000       9.93400000e-02
  0.07308677   0.19190588       3.44845420e-07       1.25742250e-06       1.26359431e-06       4.74895344e-06   0.81933000       7.60900000e-02
  0.06967101   0.23897936       3.09556361e-07       1.68684231e-06       1.70293701e-06       9.84942739e-06   0.90759000       7.96100000e-02
  0.05831212   0.13946587       2.02244777e-07       6.01441329e-07       6.05601916e-07       1.83092124e-06   0.61501000       8.86900000e-02
  0.05106299   0.29599984       1.48970405e-07       1.71030387e-06       1.70500759e-06       2.18157386e-05   0.86969000       6.81600000e-02
  0.11466346   0.19700613       1.08441494e-06       2.32897558e-06       2.36028990e-06       5.15086137e-06   0.56034000       6.06500000e-02
  0.03530284   0.36517769       6.52162823e-08       1.67142735e-06       1.67979898e-06       5.21338196e-05   0.97971000       7.89200000e-02
  0.14609795   0.20873813       2.10186402e-06       3.63589139e-06       3.61315971e-06       6.28652981e-06   0.33297000       4.09300000e-02
  0.07572452   0.18667355       3.77737385e-07       1.27043258e-06       1.27000442e-06       4.38107715e-06   0.59308000       5.30000000e-02
  0.08952493   0.28389366       5.66598514e-07       3.13987961e-06       3.13567489e-06       1.85314301e-05   0.77390000       1.25770000e-01
  0.11545450   0.24955786       1.10162999e-06       3.50215607e-06       3.50929861e-06       1.15229905e-05   0.50927000       8.65500000e-02
  0.07187583   0.28978631       3.30708176e-07       2.48605724e-06       2.46897788e-06       2.01134071e-05   0.90323000       8.36200000e-02
  0.10538242   0.15085929       8.60221467e-07       1.41310585e-06       1.40337134e-06       2.31307111e-06   0.34082000       4.50800000e-02
  0.21311790   0.54909692       6.76088480e-06       5.03124173e-05       5.03281426e-05       4.20918693e-04   0.91533000       9.05500000e-02
  0.29748272   0.60282779       2.21879611e-05       1.23710547e-04       1.23684139e-04       7.44176919e-04   0.40948000       1.16470000e-01
  0.31012020   0.56458863       2.62330001e-05       1.11202966e-04       1.11031063e-04       4.96833048e-04   0.55205000       1.57020000e-01
  0.06242332   0.49923389       2.37717602e-07       6.68343185e-06       6.67888606e-06       2.44558197e-04   0.77384000       1.28680000e-01
