   0.350    3.200         18616.621192         93593.925171     0.138830     0.039490 
   0.438    0.898         22706.215371         40775.476274     0.241720     0.089260 
   0.626    1.452         30697.377180         57494.506645     0.521880     0.182280 
   0.332    0.524         17750.119874         26480.504896     0.362720     0.053290 
   0.322    0.581         17264.203236         28869.962307     0.303510     0.032500 
   0.164    0.324          9150.185448         17361.646612     0.531810     0.047330 
   0.240    0.470         13155.611987         24135.298296     0.413390     0.042500 
   0.273    0.630         14835.832623         30857.391432     0.504540     0.067930 
   0.285    0.575         15437.859951         28622.447149     0.508320     0.104180 
   0.722    1.540         34434.099405         59805.827573     0.372480     0.056790 
   0.456    1.590         23513.758980         61085.366875     0.755950     0.091540 
   0.476    2.530         24399.939762         81678.309781     0.572790     0.110370 
   0.507    2.233         25768.234709         75777.831004     0.304610     0.099670 
   0.446    0.624         23048.343124         30613.213865     0.227310     0.056880 
   0.729    2.303         34698.415597         77202.194377     0.602400     0.171340 
