   0.194    0.446         10753.475247         23066.302528     0.582180     0.082900 
   0.237    0.531         13001.072425         26778.603412     0.559110     0.091450 
   0.104    0.615          5864.670302         30255.324165     0.794130     0.092180 
   0.158    0.735          8826.192007         34924.125661     0.920650     0.121770 
   0.173    0.472          9634.121617         24223.626998     0.814860     0.123800 
   0.185    0.514         10275.458984         26052.333371     0.972620     0.157340 
   0.240    1.300         13155.611987         53307.918739     1.207550     0.212840 
   0.063    0.535          3571.994555         26948.350326     0.858090     0.094070 
   0.134    0.419          7519.666177         21843.358598     0.642980     0.074930 
   0.178    0.811          9901.893703         37717.656636     0.879310     0.133090 
   0.137    0.610          7683.876625         30053.407312     0.839730     0.097510 
   0.181    0.578         10062.181957         28746.320264     0.542610     0.063050 
   0.408    1.670         21338.830293         63084.889153     0.768400     0.221740 
   0.522    2.162         26395.089313         74283.866867     0.523720     0.150680 
   0.723    1.686         34471.924289         63478.025574     0.261690     0.074240 
   0.454    1.689         23424.502241         63551.494308     0.640470     0.182270 
   0.350    3.200         18616.621192         93593.925171     0.138830     0.039490 
   0.393    1.523         20644.871524         59365.333900     0.576810     0.163070 
   0.871    2.739         39841.712010         85585.212857     0.444800     0.125440 
   0.950    2.640         42537.146454         83758.432788     0.499650     0.143750 
   0.176    2.888          9794.878323         88259.177646     0.729980     0.210650 
   0.684    1.518         32980.321933         59235.239586     0.474060     0.132500 
   0.254    1.740         13872.849632         64788.879291     0.910200     0.258890 
   0.799    2.380         37284.433595         78749.783561     0.510080     0.102860 
   0.517    1.364         26181.072408         55102.306799     0.491620     0.176810 
   0.438    0.898         22706.215371         40775.476274     0.241720     0.089260 
   0.437    0.897         22661.071037         40741.129051     0.267870     0.100040 
   0.483    1.518         24707.386220         59235.239586     1.769090     0.871000 
   0.530    1.332         26736.099206         54211.074688     0.550350     0.150400 
   0.539    1.179         27117.666768         49778.559266     0.599900     0.202200 
   0.579    1.346         28787.559920         54602.435054     0.866060     0.432580 
   0.642    1.297         31335.114219         53222.623663     0.692030     0.240220 
   0.535    1.284         26948.350326         52851.756476     0.694100     0.358010 
   0.490    1.016         25013.440133         44707.041212     1.234700     0.630500 
   0.659    1.396         32006.003653         55981.963382     0.752610     0.232670 
   0.564    1.182         28166.256411         49868.356902     0.952040     0.299990 
   0.440    0.893         22796.414913         40603.559614     0.820780     0.171000 
   0.463    1.034         23825.239168         45286.604016     2.434590     0.646670 
   0.555    1.311         27790.664656         53619.745813     0.931150     0.306460 
   0.560    1.113         27999.588696         47771.665665     0.732970     0.205490 
   0.352    1.023         18712.256537         44933.033668     0.817710     0.131140 
   0.522    1.289         26395.089313         52994.639931     0.671290     0.201520 
   0.544    1.446         27328.709761         57334.043299     0.695930     0.244550 
   0.408    1.086         21338.830293         46932.818166     0.763930     0.087430 
   0.626    1.452         30697.377180         57494.506645     0.521880     0.182280 
   0.363    0.978         19235.970075         43466.481138     0.682010     0.099880 
   0.458    0.936         23602.898906         42067.492503     0.471090     0.109170 
   0.440    1.192         22796.414913         50166.810661     1.079820     0.406430 
   0.227    0.931         12483.789892         41898.939794     0.634760     0.104710 
   0.196    0.632         10859.349373         30937.253024     0.681540     0.059570 
   0.120    0.196          6750.154537         10859.349373     0.387140     0.042500 
   0.294    0.525         15886.252564         26523.171839     0.379760     0.060550 
   0.513    0.924         26009.365369         41662.234948     0.314770     0.101530 
   0.332    0.524         17750.119874         26480.504896     0.362720     0.053290 
   0.280    0.982         15187.595168         43598.175219     1.340760     0.207350 
   0.351    1.071         18664.454858         46462.149655     0.848650     0.173400 
   0.075    0.810          4245.851764         37681.664214     1.083570     0.109200 
   0.206    0.688         11386.784817         33134.878869     0.946430     0.108190 
   0.322    0.581         17264.203236         28869.962307     0.303510     0.032500 
   0.219    1.025         12067.588509         44997.460626     0.765750     0.081000 
   0.241    0.594         13207.058900         29403.092811     0.604770     0.076300 
   0.116    0.657          6529.363730         31927.429984     0.965740     0.083950 
   0.430    1.065         22344.226139         46272.938620     0.899470     0.222400 
   0.164    0.324          9150.185448         17361.646612     0.531810     0.047330 
   0.190    0.588         10541.342438         29157.566049     0.640060     0.066200 
   0.222    0.608         12223.910847         29972.467278     0.691790     0.115760 
   0.240    0.470         13155.611987         24135.298296     0.413390     0.042500 
   0.126    0.535          7080.577613         26948.350326     0.884520     0.124840 
   0.168    0.439          9365.574926         22751.329987     0.619500     0.072190 
   0.282    0.553         15287.800435         27706.910945     0.523230     0.071740 
   0.191    0.696         10594.423605         33442.903894     0.834820     0.111590 
   0.317    0.858         17020.024354         39387.321631     1.507190     0.378330 
   0.096    0.407          5419.731612         21292.781285     0.621310     0.052790 
   0.273    0.630         14835.832623         30857.391432     0.504540     0.067930 
   0.153    0.474          8555.375065         24311.840744     0.667730     0.069950 
   0.222    0.504         12223.910847         25621.410364     0.695740     0.142820 
   0.106    0.402          5975.685610         21062.076943     0.805030     0.050160 
   0.180    0.875         10008.783923         39980.891502     0.503140     0.061490 
   0.164    0.631          9150.185448         30897.334334     0.637170     0.087170 
   0.215    0.481         11858.699119         24619.686913     0.535740     0.056340 
   0.123    0.640          6915.482213         31255.734159     0.577470     0.052220 
   0.135    0.717          7574.430522         34244.646481     1.048300     0.109140 
   0.232    0.795         12742.844356         37139.385294     0.617000     0.075180 
   0.081    0.712          4582.027897         34054.643697     0.881420     0.096420 
   0.205    0.481         11334.186997         24619.686913     0.656630     0.089830 
   0.189    0.473         10488.229368         24267.748226     0.634340     0.106110 
   0.299    0.811         16134.204107         37717.656636     0.824720     0.176690 
   0.285    0.575         15437.859951         28622.447149     0.508320     0.104180 
   0.285    0.805         15437.859951         37501.404140     0.491830     0.070910 
   0.125    0.520          7025.571876         26309.564604     0.725150     0.098000 
   0.358    0.717         18998.396053         34244.646481     0.651730     0.132440 
   0.160    0.744          8934.310221         35261.237325     0.761720     0.075790 
   0.143    0.531          8011.545502         26778.603412     0.970700     0.132470 
   0.245    0.602         13412.514961         29729.050190     0.803100     0.141920 
   0.208    0.524         11491.882920         26480.504896     0.507130     0.055140 
   0.248    0.793         13566.258647         37066.740235     0.810230     0.102300 
   0.228    0.674         12535.666815         32592.328605     0.708290     0.098570 
   0.137    0.713          7683.876625         34092.688395     1.123260     0.136860 
   0.228    0.464         12535.666815         23869.620099     0.552360     0.072760 
   0.155    0.517          8663.790791         26181.072408     0.863860     0.116690 
   0.082    0.532          4638.001192         26821.080599     0.894800     0.072850 
   0.186    0.807         10328.699201         37573.567844     1.165270     0.157530 
   0.485    3.595         24794.971855         99906.004627     0.886010     0.116260 
   0.938    2.941         42134.792358         89189.695212     0.682470     0.108470 
   0.810    3.399         37681.664214         96830.417479     0.974380     0.141720 
   0.497    2.092         25318.111507         72791.734406     0.927670     0.190280 
   0.750    2.740         35485.016992         85603.455159     0.590860     0.097030 
   0.717    3.480         34244.646481         98114.330298     0.965320     0.225810 
   0.609    1.880         30012.949701         68078.791229     0.593560     0.195130 
   0.646    1.847         31493.587545         67316.839917     0.770930     0.175870 
   0.389    2.150         20458.643093         74030.186791     0.539700     0.087490 
   0.499    1.440         25404.907938         57173.202222     0.510010     0.109310 
   0.238    1.199         13052.618740         50374.935568     1.114520     0.202530 
   0.494    1.232         25187.706709         51347.444189     0.596540     0.110710 
   0.352    2.340         18712.256537         77949.746483     0.456700     0.085530 
   0.682    1.550         32902.906642         60063.634684     0.759440     0.173570 
   0.722    1.540         34434.099405         59805.827573     0.372480     0.056790 
   0.274    2.090         14886.183911         72748.658435     0.528010     0.135150 
   0.337    3.250         17991.862326         94418.530165     0.383440     0.064660 
   0.365    3.390         19330.777517         96686.603101     0.724670     0.165620 
   0.419    2.950         21843.358598         89346.674746     0.597220     0.103310 
   0.611    2.360         30093.840139         78350.807347     1.449550     0.335250 
   0.552    3.350         27664.994518         96044.567329     0.725980     0.171040 
   0.783    2.770         36702.298637         86148.820059     0.760400     0.194470 
   0.456    1.590         23513.758980         61085.366875     0.755950     0.091540 
   0.526    3.010         26565.811582         90385.712067     0.649150     0.098380 
   0.716    1.470         34206.690008         57973.650375     0.509210     0.078190 
   0.322    1.420         17264.203236         56634.310968     0.704140     0.153050 
   0.380    0.990         20037.809327         43860.773567     0.550060     0.130440 
   0.483    3.120         24707.386220         92257.846391     0.933820     0.157910 
   0.400    2.150         20969.580352         74030.186791     1.490330     0.297420 
   0.476    2.530         24399.939762         81678.309781     0.572790     0.110370 
   0.338    3.450         18040.113866         97640.971990     1.362770     0.332570 
   0.289    1.020         15637.476056         44836.274803     0.504760     0.165340 
   0.232    1.070         12742.844356         46430.652146     4.643580     1.107180 
   0.325    2.350         17410.319474         78150.539199     0.984980     0.207100 
   0.436    1.360         22615.896950         54991.542836     1.022310     0.229710 
   0.587    2.450         29112.453821         80137.987974     0.799980     0.301410 
   0.396    2.821         20770.295581         87065.825062     0.899450     0.147560 
   0.486    2.249         24834.348365         76099.883441     0.267990     0.165040 
   0.494    2.363         25170.300317         78416.781281     0.890130     0.232950 
   0.722    2.635         34449.231982         83659.449935     0.960780     0.370480 
   0.507    2.233         25768.234709         75777.831004     0.304610     0.099670 
   0.524    2.344         26471.968239         78030.126743     1.885400     1.935230 
   0.581    2.403         28874.079734         79206.064210     0.624730     0.207810 
   0.607    2.400         29944.114811         79144.722698     0.931460     0.383230 
   0.550    2.454         27585.280507         80200.500930     0.475710     0.192450 
   0.586    2.762         29067.310834         86011.007883     0.542150     0.169580 
   0.563    2.126         28116.299976         73515.958880     0.716300     0.260220 
   0.498    2.732         25361.523717         85461.055889     0.772370     0.166490 
   0.530    2.832         26757.354689         87271.586495     0.682550     0.269830 
   0.527    2.265         26608.424163         76424.672709     0.512660     0.162940 
   0.609    1.890         30012.949701         68308.101385     0.299590     0.081720 
   0.557    1.330         27874.313062         54154.980473     0.345940     0.101400 
   0.884    2.060         40292.966525         72099.488881     0.572980     0.224260 
   0.671    1.870         32475.481789         67848.748590     1.474750     0.307710 
   0.221    1.105         12171.836271         47511.829100     1.034950     0.180900 
   0.158    0.748          8847.825235         35399.325270     0.683730     0.118970 
   0.321    0.920         17215.432689         41523.195189     0.569460     0.121630 
   0.446    0.624         23048.343124         30613.213865     0.227310     0.056880 
   0.137    0.963          7689.346025         42963.619558     0.985790     0.123970 
   0.153    0.740          8577.067653         35115.368865     0.968110     0.167660 
   0.121    0.833          6783.238453         38490.292940     1.323690     0.156090 
   0.132    1.291          7399.088494         53043.151204     1.318110     0.145200 
   0.155    0.533          8669.208474         26850.798567     0.840570     0.141550 
   0.128    0.637          7168.532107         31140.462726     1.030320     0.139390 
   0.288    0.392         15592.608569         20589.055083     0.275160     0.034370 
   0.321    0.467         17234.944816         24007.017000     0.254950     0.063390 
   0.196    0.848         10854.058719         39046.207011     1.147830     0.146070 
   0.167    0.424          9301.009369         22094.247649     0.809330     0.090160 
   0.167    0.747          9317.154889         35369.493110     0.786240     0.110970 
   0.122    0.285          6887.943617         15417.869228     0.591330     0.070120 
   0.101    0.217          5675.739826         11973.653217     0.520110     0.044740 
   0.133    0.668          7464.874472         32354.521146     1.076020     0.122780 
   0.163    0.538          9117.835012         27075.377914     0.735760     0.115040 
   0.134    0.832          7536.098359         38461.839100     1.012840     0.138610 
   0.178    0.517          9901.893703         26176.785088     0.561260     0.068390 
   0.170    0.686          9456.967208         33057.645940     0.787610     0.099340 
   0.130    0.361          7316.801227         19141.035772     0.819330     0.076090 
   0.124    0.463          6976.044381         23811.919232     0.907590     0.079610 
   0.164    0.659          9150.185448         32025.632398     1.083530     0.146670 
   0.104    0.255          5842.456449         13928.928289     0.615010     0.088690 
   0.091    0.595          5118.646600         29460.251494     0.869690     0.068160 
   0.090    0.533          5096.321209         26867.774333     1.094380     0.112570 
   0.207    0.372         11460.367155         19647.460643     0.560340     0.060650 
   0.062    0.772          3543.880407         36299.051536     0.979710     0.078920 
   0.169    0.654          9408.594113         31797.577656     1.070190     0.186220 
   0.091    0.411          5152.128914         21499.761352     1.002860     0.072470 
   0.141    0.739          7880.599401         35070.420740     1.077930     0.133590 
   0.268    0.397         14588.631592         20812.053536     0.332970     0.040930 
   0.135    0.350          7579.905446         18621.405999     0.593080     0.053000 
   0.160    0.566          8955.919463         28261.901333     0.773900     0.125770 
   0.209    0.486         11539.134588         24860.586621     0.509270     0.086550 
   0.128    0.580          7196.004006         28845.252347     0.903230     0.083620 
   0.290    1.005         15712.195717         44343.830233     1.167550     0.175000 
   0.190    0.278         10536.032565         15062.152199     0.340820     0.045080 
   0.491    2.719         25057.049027         85219.498585     0.641730     0.182530 
   0.958    2.639         42804.017003         83739.766171     0.676330     0.192370 
   0.406    1.339         21246.701696         54407.038282     0.915330     0.090550 
   0.390    3.115         20505.246730         92173.642395     0.813630     0.231420 
   0.599    1.535         29607.004466         59676.562278     0.409480     0.116470 
   0.729    2.303         34698.415597         77202.194377     0.602400     0.171340 
   0.630    1.394         30857.391432         55927.317581     0.552050     0.157020 
   0.603    2.033         29769.682058         71510.309705     0.807900     0.229790 
   0.111    1.170          6252.821646         49508.436932     0.773840     0.128680 
