   0.158    0.735          8826.192007         34924.125661     0.920650     0.121770 
   0.178    0.811          9901.893703         37717.656636     0.879310     0.133090 
   0.408    1.670         21338.830293         63084.889153     0.768400     0.221740 
   0.176    2.888          9794.878323         88259.177646     0.729980     0.210650 
   0.684    1.518         32980.321933         59235.239586     0.474060     0.132500 
   0.254    1.740         13872.849632         64788.879291     0.910200     0.258890 
   0.483    1.518         24707.386220         59235.239586     1.769090     0.871000 
   0.579    1.346         28787.559920         54602.435054     0.866060     0.432580 
   0.535    1.284         26948.350326         52851.756476     0.694100     0.358010 
   0.490    1.016         25013.440133         44707.041212     1.234700     0.630500 
   0.659    1.396         32006.003653         55981.963382     0.752610     0.232670 
   0.440    0.893         22796.414913         40603.559614     0.820780     0.171000 
   0.463    1.034         23825.239168         45286.604016     2.434590     0.646670 
   0.555    1.311         27790.664656         53619.745813     0.931150     0.306460 
   0.560    1.113         27999.588696         47771.665665     0.732970     0.205490 
   0.440    1.192         22796.414913         50166.810661     1.079820     0.406430 
   0.280    0.982         15187.595168         43598.175219     1.340760     0.207350 
   0.075    0.810          4245.851764         37681.664214     1.083570     0.109200 
   0.126    0.535          7080.577613         26948.350326     0.884520     0.124840 
   0.317    0.858         17020.024354         39387.321631     1.507190     0.378330 
   0.081    0.712          4582.027897         34054.643697     0.881420     0.096420 
   0.143    0.531          8011.545502         26778.603412     0.970700     0.132470 
   0.137    0.713          7683.876625         34092.688395     1.123260     0.136860 
   0.497    2.092         25318.111507         72791.734406     0.927670     0.190280 
   0.682    1.550         32902.906642         60063.634684     0.759440     0.173570 
   0.611    2.360         30093.840139         78350.807347     1.449550     0.335250 
   0.552    3.350         27664.994518         96044.567329     0.725980     0.171040 
   0.338    3.450         18040.113866         97640.971990     1.362770     0.332570 
   0.289    1.020         15637.476056         44836.274803     0.504760     0.165340 
   0.232    1.070         12742.844356         46430.652146     4.643580     1.107180 
   0.524    2.344         26471.968239         78030.126743     1.885400     1.935230 
   0.607    2.400         29944.114811         79144.722698     0.931460     0.383230 
   0.321    0.920         17215.432689         41523.195189     0.569460     0.121630 
   0.153    0.740          8577.067653         35115.368865     0.968110     0.167660 
   0.132    1.291          7399.088494         53043.151204     1.318110     0.145200 
   0.155    0.533          8669.208474         26850.798567     0.840570     0.141550 
   0.128    0.637          7168.532107         31140.462726     1.030320     0.139390 
   0.196    0.848         10854.058719         39046.207011     1.147830     0.146070 
   0.167    0.747          9317.154889         35369.493110     0.786240     0.110970 
   0.122    0.285          6887.943617         15417.869228     0.591330     0.070120 
   0.101    0.217          5675.739826         11973.653217     0.520110     0.044740 
   0.133    0.668          7464.874472         32354.521146     1.076020     0.122780 
   0.134    0.832          7536.098359         38461.839100     1.012840     0.138610 
   0.170    0.686          9456.967208         33057.645940     0.787610     0.099340 
   0.164    0.659          9150.185448         32025.632398     1.083530     0.146670 
   0.090    0.533          5096.321209         26867.774333     1.094380     0.112570 
   0.062    0.772          3543.880407         36299.051536     0.979710     0.078920 
   0.169    0.654          9408.594113         31797.577656     1.070190     0.186220 
   0.141    0.739          7880.599401         35070.420740     1.077930     0.133590 
   0.160    0.566          8955.919463         28261.901333     0.773900     0.125770 
   0.209    0.486         11539.134588         24860.586621     0.509270     0.086550 
   0.290    1.005         15712.195717         44343.830233     1.167550     0.175000 
   0.406    1.339         21246.701696         54407.038282     0.915330     0.090550 
   0.603    2.033         29769.682058         71510.309705     0.807900     0.229790 
