    0.194000     0.446000         10753.475700         23066.303500         10709.933349         23069.993837 
    0.237000     0.531000         13001.072975         26778.604534         12943.454203         26850.940708 
    0.104000     0.615000          5864.670549         30255.325427          5868.916568         30404.685984 
    0.158000     0.735000          8826.192380         34924.127121          8800.422172         35181.796512 
    0.173000     0.472000          9634.122023         24223.628014          9600.427638         24246.696189 
    0.185000     0.514000         10275.459415         26052.334468         10235.932873         26109.865699 
    0.240000     1.300000         13155.612540         53307.920943         13097.357487         53650.978012 
    0.063000     0.535000          3571.994706         26948.351451          3589.841111         27024.227537 
    0.134000     0.419000          7519.666494         21843.359515          7507.451879         21828.928288 
    0.178000     0.811000          9901.894121         37717.658202          9865.707942         38034.832667 
    0.137000     0.610000          7683.876949         30053.408571          7669.943550         30198.101866 
    0.181000     0.578000         10062.182381         28746.321471         10024.542608         28861.253493 
    0.408000     1.670000         21338.831188         63084.891744         21317.685229         62960.427631 
    0.522000     2.162000         26395.090418         74283.869930         26459.537707         72965.051078 
    0.723000     1.686000         34471.925722         63478.028188         34719.367967         63324.310043 
    0.454000     1.689000         23424.503225         63551.496921         23433.970240         63392.215164 
    0.350000     3.200000         18616.621974         93593.928966         18567.648576         88294.965171 
    0.393000     1.523000         20644.872391         59365.336344         20615.257651         59475.707419 
    0.871000     2.739000         39841.713672         85585.216344         40197.873673         82242.627215 
    0.950000     2.640000         42537.148223         83758.436205         42931.446148         80801.113339 
    0.176000     2.888000          9794.878736         88259.181237          9759.679182         84311.800562 
    0.684000     1.518000         32980.323307         59235.242029         33193.350452         59352.495082 
    0.254000     1.740000         13872.850218         64788.881938         13812.255016         64531.274280 
    0.799000     2.380000         37284.435150         78749.786777         37592.899815         76733.168911 
    0.517000     1.364000         26181.073506         55102.309079         26241.187044         55394.380329 
    0.438000     0.898000         22706.216321         40775.477964         22704.308598         41146.464160 
    0.437000     0.897000         22661.071987         40741.130750         22658.477538         41111.599939 
    0.483000     1.518000         24707.387257         59235.242029         24739.142367         59352.495082 
    0.530000     1.332000         26736.100322         54211.076923         26807.554653         54530.256112 
    0.539000     1.179000         27117.667900         49778.561316         27197.103131         50182.506626 
    0.579000     1.346000         28787.561118         54602.437306         28903.417641         54910.153079 
    0.642000     1.297000         31335.115526         53222.625869         31509.631445         53567.755268 
    0.535000     1.284000         26948.351451         52851.758652         27024.227537         53205.538152 
    0.490000     1.016000         25013.441177         44707.043069         25050.858687         45120.232933 
    0.659000     1.396000         32006.004992         55981.965693         32196.238188         56243.720430 
    0.564000     1.182000         28166.257587         49868.358968         28268.308241         50271.357299 
    0.440000     0.893000         22796.415864         40603.561288         22795.890389         40971.937396 
    0.463000     1.034000         23825.240162         45286.605896         23841.407540         45702.760642 
    0.555000     1.311000         27790.665818         53619.748026         27884.509050         53954.962522 
    0.560000     1.113000         27999.589870         47771.667640         28097.984745         48189.262122 
    0.352000     1.023000         18712.257322         44933.035539         18664.009208         45347.492325 
    0.522000     1.289000         26395.090418         52994.642130         26459.537707         53345.158143 
    0.544000     1.446000         27328.710904         57334.045665         27412.620529         57542.071122 
    0.408000     1.086000         21338.831188         46932.820107         21317.685229         47352.072890 
    0.626000     1.452000         30697.378457         57494.509018         30857.003529         57695.570381 
    0.363000     0.978000         19235.970881         43466.482952         19192.029323         43870.306435 
    0.458000     0.936000         23602.899895         42067.494250         23615.319238         42456.220409 
    0.440000     1.192000         22796.415864         50166.812746         22795.890389         50566.448375 
    0.227000     0.931000         12483.790417         41898.941524         12428.630723         42285.549823 
    0.196000     0.632000         10859.349832         30937.254314         10814.960591         31102.471158 
    0.120000     0.196000          6750.154824         10859.349832          6745.878815         10814.960591 
    0.294000     0.525000         15886.253230         26523.172947         15824.738717         26590.237683 
    0.513000     0.924000         26009.366460         41662.236685         26066.040021         42045.768279 
    0.332000     0.524000         17750.120621         26480.506004         17695.448491         26546.696864 
    0.280000     0.982000         15187.595810         43598.177030         15125.433481         44003.181810 
    0.351000     1.071000         18664.455644         46462.151585         18615.842635         46881.354354 
    0.075000     0.810000          4245.851944         37681.665779          4261.606200         37998.125303 
    0.206000     0.688000         11386.785298         33134.880248         11338.425676         33351.508704 
    0.322000     0.581000         17264.203962         28869.963505         17207.031346         28987.670526 
    0.219000     1.025000         12067.589020         44997.462483         12014.764228         45412.254694 
    0.241000     0.594000         13207.059454         29403.094035         13148.602814         29532.870280 
    0.116000     0.657000          6529.364006         31927.431310          6527.296449         32115.822941 
    0.430000     1.065000         22344.227077         46272.940541         22336.909486         46691.930597 
    0.164000     0.324000          9150.185834         17361.647340          9121.173460         17304.935814 
    0.190000     0.588000         10541.342884         29157.567266         10499.544780         29281.765189 
    0.222000     0.608000         12223.911361         29972.468540         12170.173289         30115.295228 
    0.240000     0.470000         13155.612540         24135.299303         13097.357487         24156.817337 
    0.126000     0.535000          7080.577913         26948.351451          7072.927895         27024.227537 
    0.168000     0.439000          9365.575320         22751.330938          9334.452905         22750.112878 
    0.282000     0.553000         15287.801077         27706.912096         15225.667822         27798.940697 
    0.191000     0.696000         10594.424051         33442.905288         10552.183677         33666.691886 
    0.317000     0.858000         17020.025071         39387.323265         16961.786209         39735.719965 
    0.096000     0.407000          5419.731840         21292.782179          5427.808034         21271.046430 
    0.273000     0.630000         14835.833251         30857.392720         14773.736955         31020.746459 
    0.153000     0.474000          8555.375426         24311.841762          8532.367294         24336.469316 
    0.222000     0.504000         12223.911361         25621.411432         12170.173289         25670.438960 
    0.106000     0.402000          5975.685864         21062.077826          5978.920414         21037.446303 
    0.180000     0.875000         10008.784346         39980.893165          9971.625521         40339.361556 
    0.164000     0.631000          9150.185834         30897.335621          9121.173460         31061.621027 
    0.215000     0.481000         11858.699620         24619.687940         11807.161817         24649.843928 
    0.123000     0.640000          6915.482506         31255.735466          6909.527104         31428.394111 
    0.135000     0.717000          7574.430841         34244.647911          7561.643355         34486.906717 
    0.232000     0.795000         12742.844892         37139.386844         12686.391032         37444.886132 
    0.081000     0.712000          4582.028091         34054.645127          4596.028713         34292.550890 
    0.205000     0.481000         11334.187474         24619.687940         11286.204535         24649.843928 
    0.189000     0.473000         10488.229811         24267.749240         10446.878052         24291.595962 
    0.299000     0.811000         16134.204784         37717.658202         16073.171001         38034.832667 
    0.285000     0.575000         15437.860603         28622.448349         15375.810768         28734.610068 
    0.285000     0.805000         15437.860603         37501.405701         15375.810768         37814.260638 
    0.125000     0.520000          7025.572172         26309.565702          7018.488477         26372.275107 
    0.358000     0.717000         18998.396853         34244.647911         18952.431812         34486.906717 
    0.160000     0.744000          8934.310599         35261.238797          8907.450169         35526.448179 
    0.143000     0.531000          8011.545840         26778.604534          7994.181645         26850.940708 
    0.245000     0.602000         13412.515526         29729.051433         13353.305301         29866.280790 
    0.208000     0.524000         11491.883405         26480.506004         11442.784360         26546.696864 
    0.248000     0.793000         13566.259217         37066.741778         13506.539424         37370.746994 
    0.228000     0.674000         12535.667344         32592.329967         12480.238556         32796.294669 
    0.137000     0.713000          7683.876949         34092.689820          7669.943550         34331.468561 
    0.228000     0.464000         12535.667344         23869.621102         12480.238556         23886.545579 
    0.155000     0.517000          8663.791157         26181.073506          8639.672344         26241.187044 
    0.082000     0.532000          4638.001387         26821.081718          4651.670923         26894.301011 
    0.186000     0.807000         10328.699635         37573.569413         10288.710901         37887.872133 
    0.485000     3.595000         24794.972892         99906.008682         24828.335562         92760.476554 
    0.938000     2.941000         42134.794104         89189.698838         42524.348664         85020.462160 
    0.810000     3.399000         37681.665779         96830.421423         37998.125303         90617.863086 
    0.497000     2.092000         25318.112572         72791.737388         25361.289589         71677.045247 
    0.750000     2.740000         35485.018475         85603.458655         35755.188699         82256.908048 
    0.717000     3.480000         34244.647911         98114.334271         34486.906717         91519.939331 
    0.609000     1.880000         30012.950954         68078.794027         30156.710917         67516.210772 
    0.646000     1.847000         31493.588852         67316.842675         31671.814812         66830.635919 
    0.389000     2.150000         20458.643950         74030.189824         20426.911894         72747.088699 
    0.499000     1.440000         25404.908999         57173.204570         25449.748577         57388.083961 
    0.238000     1.199000         13052.619290         50374.937644         12994.783182         50772.030533 
    0.494000     1.232000         25187.707765         51347.446312         25228.404924         51730.453690 
    0.352000     2.340000         18712.257322         77949.749657         18664.009208         76067.819292 
    0.682000     1.550000         32902.908020         60063.637161         33114.129257         60135.565752 
    0.722000     1.540000         34434.100851         59805.830051         34680.682315         59892.247609 
    0.274000     2.090000         14886.184537         72748.661422         14824.062797         71639.649517 
    0.337000     3.250000         17991.863085         94418.534006         17938.621807         88893.480759 
    0.365000     3.390000         19330.778330         96686.607028         19287.676437         90516.134752 
    0.419000     2.950000         21843.359515         89346.678396         21828.928288         85139.434581 
    0.611000     2.360000         30093.841395         78350.810549         30239.468088         76401.893197 
    0.552000     3.350000         27664.995671         96044.571210         27756.118312         90060.299191 
    0.783000     2.770000         36702.300159         86148.823575         36998.723601         82682.799021 
    0.456000     1.590000         23513.759969         61085.369387         23524.697938         61096.418050 
    0.526000     3.010000         26565.812698         90385.715746         26633.752677         85922.687614 
    0.716000     1.470000         34206.691437         57973.652769         34448.082028         58153.163153 
    0.322000     1.420000         17264.203962         56634.313304         17207.031346         56871.240629 
    0.380000     0.990000         20037.810166         43860.775390         20001.541199         44268.006067 
    0.483000     3.120000         24707.387257         92257.850130         24739.142367         87315.475871 
    0.400000     2.150000         20969.581230         74030.189824         20943.816564         72747.088699 
    0.476000     2.530000         24399.940786         81678.313129         24426.136804         79132.175010 
    0.338000     3.450000         18040.114620         97640.975951         17987.173737         91188.635577 
    0.289000     1.020000         15637.476716         44836.276670         15575.612168         45250.208173 
    0.232000     1.070000         12742.844892         46430.654067         12686.391032         46849.829003 
    0.325000     2.350000         17410.320208         78150.542387         17353.846585         76235.208354 
    0.436000     1.360000         22615.897900         54991.545093         22612.619690         55287.180802 
    0.586900     2.450400         29112.455036         80137.991264         29235.631628         77877.534691 
    0.395700     2.820900         20770.296456         87065.828630         20742.145151         83394.359974 
    0.485900     2.249100         24834.349405         76099.886561         24868.438188         74513.142868 
    0.493600     2.363300         25170.301369         78416.784490         25210.669167         76456.745453 
    0.722400     2.634700         34449.233419         83659.453344         34696.159351         80722.359801 
    0.507400     2.233500         25768.235792         75777.834091         25820.136007         74240.176701 
    0.523800     2.344000         26471.969350         78030.129920         26537.985601         76134.859725 
    0.581100     2.403000         28874.080944         79206.067460         28991.880532         77110.724685 
    0.607300     2.399900         29944.116066         79144.725949         30086.289518         77060.047646 
    0.550100     2.453600         27585.281667         80200.504211         27674.685544         77928.763738 
    0.585800     2.762400         29067.312046         86011.011396         29189.467771         82575.368280 
    0.562800     2.125800         28116.301152         73515.961897         28217.253795         72303.986416 
    0.498000     2.732200         25361.524778         85461.059382         25405.532154         82145.371905 
    0.530500     2.832400         26757.355805         87271.590054         26829.250900         83553.238208 
    0.527000     2.264900         26608.425274         76424.675846         26677.241859         74787.738759 
    0.609000     1.890000         30012.950954         68308.104179         30156.710917         67721.846120 
    0.557000     1.330000         27874.314224         54154.982705         27969.975594         54475.749079 
    0.884000     2.060000         40292.968197         72099.491829         40656.489545         71074.647626 
    0.671000     1.870000         32475.483146         67848.751369         32676.713877         67309.597392 
    0.221000     1.104600         12171.836783         47511.831067         12118.398151         47930.183583 
    0.158400     0.747700          8847.825609         35399.326742          8821.836641         35667.601701 
    0.321000     0.919900         17215.433412         41523.196918         17158.037639         41904.866453 
    0.445600     0.623900         23048.344086         30613.215144         23051.750202         30770.881579 
    0.137100     0.962800          7689.346351         42963.621343          7675.355663         43362.544582 
    0.153400     0.740100          8577.068016         35115.370329          8553.837166         35377.326630 
    0.120600     0.832600          6783.238740         38490.294549          6778.628263         38822.410261 
    0.131800     1.290700          7399.088806         53043.153389          7388.133575         53392.541746 
    0.155100     0.532700          8669.208842         26850.799692          8645.034689         26924.637908 
    0.127600     0.637100          7168.532410         31140.464027          7159.973717         31310.427206 
    0.288100     0.391800         15592.609220         20589.055948         15530.695624         20558.799611 
    0.321400     0.467100         17234.945543         24007.018008         17177.638440         24026.305034 
    0.195900     0.848300         10854.059176         39046.208639         10809.711875         39388.558140 
    0.166800     0.424500          9301.009762         22094.248573          9270.515692         22083.325861 
    0.167100     0.746900          9317.155284         35369.494590          9286.503742         35637.108446 
    0.122500     0.284600          6887.943909         15417.869881          6882.269571         15355.806167 
    0.100600     0.217200          5675.740066         11973.653721          5681.659026         11921.398344 
    0.133000     0.667900          7464.874788         32354.522498          7453.232828         32552.921325 
    0.163400     0.538000          9117.835397         27075.379043          9089.143254         27153.922742 
    0.134300     0.831800          7536.098677         38461.840703          7523.712218         38793.420536 
    0.178000     0.516900          9901.894121         26176.786188          9865.707942         26236.813426 
    0.169700     0.686000          9456.967607         33057.647314          9424.962199         33272.476896 
    0.130300     0.361000          7316.801536         19141.036578          7306.703697         19096.272585 
    0.124100     0.462700          6976.044677         23811.920229          6969.469475         23827.860957 
    0.164000     0.659500          9150.185834         32025.633733          9121.173460         32216.326968 
    0.103600     0.255100          5842.456696         13928.928876          5846.902670         13868.194034 
    0.090600     0.595400          5118.646817         29460.252718          5129.072714         29591.332160 
    0.090200     0.533100          5096.321425         26867.775455          5106.912576         26941.967617 
    0.207400     0.371700         11460.367639         19647.461467         11411.488459         19607.296239 
    0.062500     0.772000          3543.880556         36299.053047          3561.766625         36586.928916 
    0.168800     0.653700          9408.594512         31797.578987          9377.055508         31982.927209 
    0.091200     0.411500          5152.129132         21499.762255          5162.304756         21480.708021 
    0.140600     0.738900          7880.599733         35070.422205          7864.605705         35331.373133 
    0.268100     0.396600         14588.632211         20812.054413         14526.737942         20784.396978 
    0.135100     0.350100          7579.905767         18621.406779          7567.060985         18572.469219 
    0.160400     0.566300          8955.919842         28261.902516          8928.842463         28366.060634 
    0.208900     0.486500         11539.135074         24860.587660         11489.709400         24895.161445 
    0.128100     0.580400          7196.004310         28845.253552          7187.161082         28962.405213 
    0.290500     1.004800         15712.196377         44343.832075         15650.423056         44754.695744 
    0.189900     0.277500         10536.033011         15062.152834         10494.279360         14999.984089 
    0.491000     2.719000         25057.050083         85219.502057         25095.284568         81955.854105 
    0.958000     2.639000         42804.018778         83739.769595         43201.260527         80786.266742 
    0.406000     1.339000         21246.702583         54407.040527         21224.380567         54720.565192 
    0.390000     3.115000         20505.247590         92173.646129         20474.039133         87253.341304 
    0.599000     1.535000         29607.005707         59676.564739         29741.438482         59770.116235 
    0.729000     2.303000         34698.417046         77202.197542         34950.996844         75442.278083 
    0.630000     1.394000         30857.392720         55927.319890         31020.746459         56191.062935 
    0.603000     2.033000         29769.683296         71510.312636         29907.845205         70559.536548 
    0.111000     1.170000          6252.821911         49508.438979          6253.451007         49915.054122 
