   0.194    0.446         10753.475247         23066.302528     0.582180     0.082900 
   0.237    0.531         13001.072425         26778.603412     0.559110     0.091450 
   0.104    0.615          5864.670302         30255.324165     0.794130     0.092180 
   0.158    0.735          8826.192007         34924.125661     0.920650     0.121770 
   0.173    0.472          9634.121617         24223.626998     0.814860     0.123800 
   0.185    0.514         10275.458984         26052.333371     0.972620     0.157340 
   0.063    0.535          3571.994555         26948.350326     0.858090     0.094070 
   0.134    0.419          7519.666177         21843.358598     0.642980     0.074930 
   0.178    0.811          9901.893703         37717.656636     0.879310     0.133090 
   0.137    0.610          7683.876625         30053.407312     0.839730     0.097510 
   0.181    0.578         10062.181957         28746.320264     0.542610     0.063050 
   0.408    1.670         21338.830293         63084.889153     0.768400     0.221740 
   0.723    1.686         34471.924289         63478.025574     0.261690     0.074240 
   0.454    1.689         23424.502241         63551.494308     0.640470     0.182270 
   0.393    1.523         20644.871524         59365.333900     0.576810     0.163070 
   0.684    1.518         32980.321933         59235.239586     0.474060     0.132500 
   0.254    1.740         13872.849632         64788.879291     0.910200     0.258890 
   0.517    1.364         26181.072408         55102.306799     0.491620     0.176810 
   0.438    0.898         22706.215371         40775.476274     0.241720     0.089260 
   0.437    0.897         22661.071037         40741.129051     0.267870     0.100040 
   0.530    1.332         26736.099206         54211.074688     0.550350     0.150400 
   0.539    1.179         27117.666768         49778.559266     0.599900     0.202200 
   0.579    1.346         28787.559920         54602.435054     0.866060     0.432580 
   0.642    1.297         31335.114219         53222.623663     0.692030     0.240220 
   0.535    1.284         26948.350326         52851.756476     0.694100     0.358010 
   0.659    1.396         32006.003653         55981.963382     0.752610     0.232670 
   0.564    1.182         28166.256411         49868.356902     0.952040     0.299990 
   0.440    0.893         22796.414913         40603.559614     0.820780     0.171000 
   0.555    1.311         27790.664656         53619.745813     0.931150     0.306460 
   0.560    1.113         27999.588696         47771.665665     0.732970     0.205490 
   0.352    1.023         18712.256537         44933.033668     0.817710     0.131140 
   0.522    1.289         26395.089313         52994.639931     0.671290     0.201520 
   0.544    1.446         27328.709761         57334.043299     0.695930     0.244550 
   0.408    1.086         21338.830293         46932.818166     0.763930     0.087430 
   0.626    1.452         30697.377180         57494.506645     0.521880     0.182280 
   0.363    0.978         19235.970075         43466.481138     0.682010     0.099880 
   0.458    0.936         23602.898906         42067.492503     0.471090     0.109170 
   0.227    0.931         12483.789892         41898.939794     0.634760     0.104710 
   0.196    0.632         10859.349373         30937.253024     0.681540     0.059570 
   0.120    0.196          6750.154537         10859.349373     0.387140     0.042500 
   0.294    0.525         15886.252564         26523.171839     0.379760     0.060550 
   0.513    0.924         26009.365369         41662.234948     0.314770     0.101530 
   0.332    0.524         17750.119874         26480.504896     0.362720     0.053290 
   0.351    1.071         18664.454858         46462.149655     0.848650     0.173400 
   0.206    0.688         11386.784817         33134.878869     0.946430     0.108190 
   0.322    0.581         17264.203236         28869.962307     0.303510     0.032500 
   0.219    1.025         12067.588509         44997.460626     0.765750     0.081000 
   0.241    0.594         13207.058900         29403.092811     0.604770     0.076300 
   0.116    0.657          6529.363730         31927.429984     0.965740     0.083950 
   0.430    1.065         22344.226139         46272.938620     0.899470     0.222400 
   0.164    0.324          9150.185448         17361.646612     0.531810     0.047330 
   0.190    0.588         10541.342438         29157.566049     0.640060     0.066200 
   0.222    0.608         12223.910847         29972.467278     0.691790     0.115760 
   0.240    0.470         13155.611987         24135.298296     0.413390     0.042500 
   0.126    0.535          7080.577613         26948.350326     0.884520     0.124840 
   0.168    0.439          9365.574926         22751.329987     0.619500     0.072190 
   0.282    0.553         15287.800435         27706.910945     0.523230     0.071740 
   0.191    0.696         10594.423605         33442.903894     0.834820     0.111590 
   0.096    0.407          5419.731612         21292.781285     0.621310     0.052790 
   0.273    0.630         14835.832623         30857.391432     0.504540     0.067930 
   0.153    0.474          8555.375065         24311.840744     0.667730     0.069950 
   0.222    0.504         12223.910847         25621.410364     0.695740     0.142820 
   0.106    0.402          5975.685610         21062.076943     0.805030     0.050160 
   0.180    0.875         10008.783923         39980.891502     0.503140     0.061490 
   0.164    0.631          9150.185448         30897.334334     0.637170     0.087170 
   0.215    0.481         11858.699119         24619.686913     0.535740     0.056340 
   0.123    0.640          6915.482213         31255.734159     0.577470     0.052220 
   0.232    0.795         12742.844356         37139.385294     0.617000     0.075180 
   0.081    0.712          4582.027897         34054.643697     0.881420     0.096420 
   0.205    0.481         11334.186997         24619.686913     0.656630     0.089830 
   0.189    0.473         10488.229368         24267.748226     0.634340     0.106110 
   0.299    0.811         16134.204107         37717.656636     0.824720     0.176690 
   0.285    0.575         15437.859951         28622.447149     0.508320     0.104180 
   0.285    0.805         15437.859951         37501.404140     0.491830     0.070910 
   0.125    0.520          7025.571876         26309.564604     0.725150     0.098000 
   0.358    0.717         18998.396053         34244.646481     0.651730     0.132440 
   0.160    0.744          8934.310221         35261.237325     0.761720     0.075790 
   0.143    0.531          8011.545502         26778.603412     0.970700     0.132470 
   0.245    0.602         13412.514961         29729.050190     0.803100     0.141920 
   0.208    0.524         11491.882920         26480.504896     0.507130     0.055140 
   0.248    0.793         13566.258647         37066.740235     0.810230     0.102300 
   0.228    0.674         12535.666815         32592.328605     0.708290     0.098570 
   0.228    0.464         12535.666815         23869.620099     0.552360     0.072760 
   0.155    0.517          8663.790791         26181.072408     0.863860     0.116690 
   0.082    0.532          4638.001192         26821.080599     0.894800     0.072850 
   0.609    1.880         30012.949701         68078.791229     0.593560     0.195130 
   0.646    1.847         31493.587545         67316.839917     0.770930     0.175870 
   0.499    1.440         25404.907938         57173.202222     0.510010     0.109310 
   0.494    1.232         25187.706709         51347.444189     0.596540     0.110710 
   0.682    1.550         32902.906642         60063.634684     0.759440     0.173570 
   0.722    1.540         34434.099405         59805.827573     0.372480     0.056790 
   0.456    1.590         23513.758980         61085.366875     0.755950     0.091540 
   0.716    1.470         34206.690008         57973.650375     0.509210     0.078190 
   0.322    1.420         17264.203236         56634.310968     0.704140     0.153050 
   0.380    0.990         20037.809327         43860.773567     0.550060     0.130440 
   0.289    1.020         15637.476056         44836.274803     0.504760     0.165340 
   0.609    1.890         30012.949701         68308.101385     0.299590     0.081720 
   0.557    1.330         27874.313062         54154.980473     0.345940     0.101400 
   0.158    0.748          8847.825235         35399.325270     0.683730     0.118970 
   0.321    0.920         17215.432689         41523.195189     0.569460     0.121630 
   0.446    0.624         23048.343124         30613.213865     0.227310     0.056880 
   0.137    0.963          7689.346025         42963.619558     0.985790     0.123970 
   0.153    0.740          8577.067653         35115.368865     0.968110     0.167660 
   0.155    0.533          8669.208474         26850.798567     0.840570     0.141550 
   0.288    0.392         15592.608569         20589.055083     0.275160     0.034370 
   0.321    0.467         17234.944816         24007.017000     0.254950     0.063390 
   0.167    0.424          9301.009369         22094.247649     0.809330     0.090160 
   0.167    0.747          9317.154889         35369.493110     0.786240     0.110970 
   0.122    0.285          6887.943617         15417.869228     0.591330     0.070120 
   0.101    0.217          5675.739826         11973.653217     0.520110     0.044740 
   0.163    0.538          9117.835012         27075.377914     0.735760     0.115040 
   0.178    0.517          9901.893703         26176.785088     0.561260     0.068390 
   0.170    0.686          9456.967208         33057.645940     0.787610     0.099340 
   0.130    0.361          7316.801227         19141.035772     0.819330     0.076090 
   0.124    0.463          6976.044381         23811.919232     0.907590     0.079610 
   0.104    0.255          5842.456449         13928.928289     0.615010     0.088690 
   0.091    0.595          5118.646600         29460.251494     0.869690     0.068160 
   0.207    0.372         11460.367155         19647.460643     0.560340     0.060650 
   0.062    0.772          3543.880407         36299.051536     0.979710     0.078920 
   0.268    0.397         14588.631592         20812.053536     0.332970     0.040930 
   0.135    0.350          7579.905446         18621.405999     0.593080     0.053000 
   0.160    0.566          8955.919463         28261.901333     0.773900     0.125770 
   0.209    0.486         11539.134588         24860.586621     0.509270     0.086550 
   0.128    0.580          7196.004006         28845.252347     0.903230     0.083620 
   0.190    0.278         10536.032565         15062.152199     0.340820     0.045080 
   0.406    1.339         21246.701696         54407.038282     0.915330     0.090550 
   0.599    1.535         29607.004466         59676.562278     0.409480     0.116470 
   0.630    1.394         30857.391432         55927.317581     0.552050     0.157020 
   0.111    1.170          6252.821646         49508.436932     0.773840     0.128680 
