  0.19400000   0.44600000   0.18368040   0.39240953   0.00252644   0.00500147   0.00500147   0.00994516   0.58218404   0.08290304
  0.23700000   0.53100000   0.22162818   0.45571429   0.00358406   0.00675142   0.00675142   0.01279390   0.55911094   0.09145222
  0.10400000   0.61500000   0.10102741   0.51502350   0.00080739   0.00351962   0.00351962   0.01562029   0.79412559   0.09218378
  0.15800000   0.73500000   0.15114670   0.59449505   0.00174853   0.00578526   0.00578526   0.01957167   0.92064975   0.12176877
  0.17300000   0.47200000   0.16478746   0.41213514   0.00205950   0.00470393   0.00470393   0.01081099   0.81486122   0.12379656
  0.18500000   0.51400000   0.17561252   0.44332369   0.00232200   0.00530707   0.00530707   0.01222103   0.97261828   0.15733777
  0.24000000   1.30000000   0.22423895   0.90019894   0.00366240   0.01102474   0.01102474   0.03521159   1.20754768   0.21283610
  0.06300000   0.53500000   0.06190892   0.45861043   0.00031092   0.00198950   0.00198950   0.01292876   0.85808839   0.09406991
  0.13400000   0.41900000   0.12906762   0.37158030   0.00129380   0.00341306   0.00341306   0.00905508   0.64298206   0.07492971
  0.17800000   0.81100000   0.16930734   0.64183889   0.00216744   0.00681278   0.00681278   0.02198218   0.87931184   0.13308774
  0.13700000   0.61000000   0.13184464   0.51158048   0.00134760   0.00452850   0.00452850   0.01545284   0.83972903   0.09750904
  0.18100000   0.57800000   0.17201279   0.48928623   0.00223319   0.00563586   0.00563586   0.01437801   0.54260565   0.06305204
  0.40800000   1.67000000   0.36299236   1.05504545   0.00869583   0.01870675   0.01870675   0.04278473   0.76840325   0.22174209
  0.52200000   2.16200000   0.44917114   1.22551519   0.01249053   0.02438492   0.02438492   0.05059627   0.52372485   0.15068154
  0.72300000   1.68600000   0.58681363   1.06114547   0.01918373   0.02833756   0.02833756   0.04307403   0.26169205   0.07423845
  0.45400000   1.68900000   0.39851343   1.06228439   0.01021079   0.02040249   0.02040249   0.04312796   0.64047177   0.18226704
  0.35000000   3.20000000   0.31671768   1.51435202   0.00684564   0.02037586   0.02037586   0.06418166   0.13883223   0.03948795
  0.39300000   1.52300000   0.35118549   0.99685460   0.00820969   0.01762629   0.01762629   0.03998868   0.57681083   0.16307444
  0.87100000   2.73900000   0.67768351   1.39357262   0.02382287   0.03672431   0.03672431   0.05803327   0.44480019   0.12544199
  0.95000000   2.64000000   0.72293333   1.36641113   0.02615538   0.03813904   0.03813904   0.05680350   0.49964554   0.14375366
  0.17600000   2.88800000   0.16750101   1.43350451   0.00212401   0.01075969   0.01075969   0.05990983   0.72998309   0.21065499
  0.68400000   1.51800000   0.56144811   0.99480345   0.01791070   0.02639083   0.02639083   0.03988896   0.47406128   0.13250416
  0.25400000   1.74000000   0.23635957   1.08141752   0.00403504   0.01276075   0.01276075   0.04403014   0.91019766   0.25888684
  0.79900000   2.38000000   0.63451050   1.29207389   0.02160722   0.03345219   0.03345219   0.05352439   0.51008012   0.10285569
  0.51700000   1.36400000   0.44551995   0.92907524   0.01232207   0.02091040   0.02091040   0.03665456   0.49161723   0.17681352
  0.43800000   0.89800000   0.38627478   0.69339147   0.00968033   0.01534415   0.01534415   0.02463194   0.24172412   0.08925772
  0.43700000   0.89700000   0.38550576   0.69281426   0.00964729   0.01530862   0.01530862   0.02460220   0.26786971   0.10004100
  0.48300000   1.51800000   0.42038368   0.99480345   0.01117921   0.02065430   0.02065430   0.03988896   1.76909167   0.87099705
  0.53000000   1.33200000   0.45498911   0.91475838   0.01276018   0.02110157   0.02110157   0.03594068   0.55035342   0.15039502
  0.53900000   1.17900000   0.46149927   0.84282353   0.01306364   0.02033496   0.02033496   0.03231097   0.59989960   0.20220364
  0.57900000   1.34600000   0.48998976   0.92105143   0.01441167   0.02256220   0.02256220   0.03625485   0.86605891   0.43257790
  0.64200000   1.29700000   0.53342973   0.89882129   0.01652145   0.02386820   0.02386820   0.03514244   0.69202916   0.24022496
  0.53500000   1.28400000   0.45861043   0.89282597   0.01292876   0.02094483   0.02094483   0.03484122   0.69409871   0.35801482
  0.49000000   1.01600000   0.42560301   0.75913542   0.01141400   0.01774650   0.01774650   0.02802191   1.23470332   0.63050184
  0.65900000   1.39600000   0.54485953   0.94315664   0.01708581   0.02498424   0.02498424   0.03735357   0.75260793   0.23267237
  0.56400000   1.18200000   0.47939007   0.84429255   0.01390650   0.02102223   0.02102223   0.03238572   0.95204214   0.29999167
  0.44000000   0.89300000   0.38781136   0.69050192   0.00974646   0.01535266   0.01535266   0.02448304   0.82078170   0.17099845
  0.46300000   1.03400000   0.40534362   0.76876719   0.01051048   0.01715580   0.01715580   0.02851787   2.43459118   0.64667128
  0.55500000   1.31100000   0.47298190   0.90523156   0.01360314   0.02167778   0.02167778   0.03546395   0.93115494   0.30646299
  0.56000000   1.11300000   0.47654649   0.80987240   0.01377169   0.02037653   0.02037653   0.03062860   0.73297285   0.20549385
  0.35200000   1.02300000   0.31834145   0.76289315   0.00690795   0.01377901   0.01377901   0.02821545   0.81771348   0.13114033
  0.52200000   1.28900000   0.44917114   0.89513679   0.01249053   0.02060690   0.02060690   0.03495738   0.67129245   0.20151748
  0.54400000   1.44600000   0.46510006   0.96470394   0.01323224   0.02216337   0.02216337   0.03841694   0.69592777   0.24455004
  0.40800000   1.08600000   0.36299236   0.79603334   0.00869583   0.01592503   0.01592503   0.02991923   0.76393464   0.08742592
  0.62600000   1.45200000   0.52256011   0.96725335   0.01598808   0.02448739   0.02448739   0.03854224   0.52188339   0.18228153
  0.36300000   0.97800000   0.32723609   0.73846450   0.00725281   0.01382669   0.01382669   0.02695645   0.68201472   0.09988204
  0.45800000   0.93600000   0.40155385   0.71507011   0.01034388   0.01621147   0.01621147   0.02574978   0.47109170   0.10916878
  0.44000000   1.19200000   0.38781136   0.84917165   0.00974646   0.01757412   0.01757412   0.03263384   1.07981605   0.40643496
  0.22700000   0.93100000   0.21289112   0.71224583   0.00332698   0.00908796   0.00908796   0.02560410   0.63475580   0.10471256
  0.19600000   0.63200000   0.18546735   0.52664904   0.00257272   0.00641195   0.00641195   0.01618833   0.68153699   0.05956602
  0.12000000   0.19600000   0.11604335   0.18546735   0.00105485   0.00164704   0.00164704   0.00257272   0.38714194   0.04250452
  0.29400000   0.52500000   0.27042231   0.45135632   0.00515760   0.00804396   0.00804396   0.01259164   0.37975898   0.06054777
  0.51300000   0.92400000   0.44259068   0.70827760   0.01218736   0.01750844   0.01750844   0.02539944   0.31476720   0.10152598
  0.33200000   0.52400000   0.30201225   0.45062839   0.00629054   0.00887680   0.00887680   0.01255794   0.36272370   0.05328724
  0.28000000   0.98200000   0.25859553   0.74066226   0.00475567   0.01117832   0.01117832   0.02706978   1.34076311   0.20734555
  0.35100000   1.07100000   0.31752982   0.78825197   0.00687678   0.01403863   0.01403863   0.02951976   0.84864757   0.17340020
  0.07500000   0.81000000   0.07345371   0.64123026   0.00043447   0.00303358   0.00303358   0.02195102   1.08356865   0.10920012
  0.20600000   0.68800000   0.19436990   0.56407825   0.00280860   0.00706319   0.00706319   0.01804208   0.94643082   0.10819409
  0.32200000   0.58100000   0.29377114   0.49139549   0.00598696   0.00928937   0.00928937   0.01447897   0.30351000   0.03249580
  0.21900000   1.02500000   0.20586317   0.76396396   0.00312596   0.00921832   0.00921832   0.02827059   0.76575090   0.08100339
  0.24100000   0.59400000   0.22510815   0.50048959   0.00368863   0.00738609   0.00738609   0.01491604   0.60477349   0.07629887
  0.11600000   0.65700000   0.11230248   0.54352117   0.00099036   0.00406483   0.00406483   0.01701955   0.96574059   0.08395164
  0.43000000   1.06500000   0.38010904   0.78512055   0.00941639   0.01644112   0.01644112   0.02935889   0.89946940   0.22240337
  0.16400000   0.32400000   0.15661762   0.29542346   0.00187056   0.00336030   0.00336030   0.00604739   0.53181283   0.04732791
  0.19000000   0.58800000   0.18010006   0.49630158   0.00243480   0.00595311   0.00595311   0.01471441   0.64005952   0.06619770
  0.22200000   0.60800000   0.20850265   0.51020022   0.00320084   0.00698213   0.00698213   0.01538582   0.69178955   0.11576423
  0.24000000   0.47000000   0.22423895   0.41062925   0.00366240   0.00626139   0.00626139   0.01074414   0.41339490   0.04249671
  0.12600000   0.53500000   0.12163827   0.45861043   0.00115477   0.00384157   0.00384157   0.01292876   0.88452304   0.12483576
  0.16800000   0.43900000   0.16025407   0.38704331   0.00195367   0.00434506   0.00434506   0.00971339   0.61949670   0.07219285
  0.28200000   0.55300000   0.26029132   0.47155291   0.00481253   0.00805076   0.00805076   0.01353571   0.52322615   0.07173537
  0.19100000   0.69600000   0.18099595   0.56931882   0.00245759   0.00664988   0.00664988   0.01830430   0.83482374   0.11159131
  0.31700000   0.85800000   0.28963135   0.67002817   0.00583655   0.01158685   0.01158685   0.02342899   1.50718576   0.37833286
  0.09600000   0.40700000   0.09346691   0.36220869   0.00069447   0.00244453   0.00244453   0.00866328   0.62131085   0.05279316
  0.27300000   0.63000000   0.25264379   0.52528778   0.00455822   0.00853563   0.00853563   0.01612161   0.50453665   0.06792533
  0.15300000   0.47400000   0.14657270   0.41363914   0.00164932   0.00422050   0.00422050   0.01087787   0.66773369   0.06994727
  0.22200000   0.50400000   0.20850265   0.43597271   0.00320084   0.00615071   0.00615071   0.01188445   0.69574154   0.14282004
  0.10600000   0.40200000   0.10291206   0.35828295   0.00083677   0.00265888   0.00265888   0.00850082   0.80502827   0.05015759
  0.18000000   0.87500000   0.17111152   0.68002686   0.00221119   0.00716449   0.00716449   0.02394350   0.50314267   0.06149391
  0.16400000   0.63100000   0.15661762   0.52596862   0.00187056   0.00545644   0.00545644   0.01615497   0.63716980   0.08716819
  0.21500000   0.48100000   0.20233639   0.41888821   0.00302706   0.00578552   0.00578552   0.01111219   0.53573942   0.05634488
  0.12300000   0.64000000   0.11884327   0.53207700   0.00110434   0.00422412   0.00422412   0.01645489   0.57746950   0.05221706
  0.13500000   0.71700000   0.12999384   0.58295133   0.00131163   0.00493419   0.00493419   0.01898907   1.04830144   0.10914479
  0.23200000   0.79500000   0.21726629   0.63205565   0.00345473   0.00852631   0.00852631   0.02148174   0.61699802   0.07517679
  0.08100000   0.71200000   0.07919645   0.57972169   0.00050321   0.00303682   0.00303682   0.01882651   0.88141859   0.09642076
  0.20500000   0.48100000   0.19348205   0.41888821   0.00278468   0.00554801   0.00554801   0.01111219   0.65662536   0.08982982
  0.18900000   0.47300000   0.17920362   0.41288738   0.00241208   0.00510010   0.00510010   0.01084442   0.63434467   0.10610816
  0.29900000   0.81100000   0.27462146   0.64183889   0.00530331   0.01070694   0.01070694   0.02198218   0.82471614   0.17669488
  0.28500000   0.57500000   0.26283110   0.48717298   0.00489817   0.00833859   0.00833859   0.01427702   0.50832124   0.10418062
  0.28500000   0.80500000   0.26283110   0.63818146   0.00489817   0.01024282   0.01024282   0.02179497   0.49182635   0.07091090
  0.12500000   0.52000000   0.12070715   0.44771205   0.00113786   0.00373944   0.00373944   0.01242314   0.72515362   0.09800431
  0.35800000   0.71700000   0.32320065   0.58295133   0.00709562   0.01155917   0.01155917   0.01898907   0.65173321   0.13244313
  0.16000000   0.74400000   0.15297251   0.60021860   0.00178885   0.00589329   0.00589329   0.01986139   0.76171781   0.07578881
  0.14300000   0.53100000   0.13738397   0.45571429   0.00145787   0.00429630   0.00429630   0.01279390   0.97069502   0.13247398
  0.24500000   0.60200000   0.22857964   0.50604902   0.00379417   0.00755748   0.00755748   0.01518462   0.80310460   0.14191878
  0.20800000   0.52400000   0.19614397   0.45062839   0.00285665   0.00596882   0.00596882   0.01255794   0.50712559   0.05513982
  0.24800000   0.79300000   0.23117771   0.63082595   0.00387394   0.00902163   0.00902163   0.02141891   0.81022986   0.10230272
  0.22800000   0.67400000   0.21376722   0.55484386   0.00335240   0.00762613   0.00762613   0.01758151   0.70828647   0.09856704
  0.13700000   0.71300000   0.13184464   0.58036842   0.00134760   0.00498536   0.00498536   0.01885904   1.12325859   0.13686102
  0.22800000   0.46400000   0.21376722   0.40610014   0.00335240   0.00593384   0.00593384   0.01054384   0.55235678   0.07275775
  0.15500000   0.51700000   0.14840393   0.44551995   0.00168873   0.00454095   0.00454095   0.01232207   0.86385542   0.11669337
  0.08200000   0.53200000   0.08015165   0.45643901   0.00051510   0.00255251   0.00255251   0.01282761   0.89480355   0.07285353
  0.18600000   0.80700000   0.17651110   0.63940210   0.00234440   0.00706878   0.00706878   0.02185744   1.16527441   0.15753343
  0.48500000   3.59500000   0.42187728   1.61378060   0.01124626   0.02773715   0.02773715   0.07121096   0.88601330   0.11625979
  0.93800000   2.94100000   0.71619746   1.44747200   0.02580793   0.03916222   0.03916222   0.06059375   0.68246542   0.10847032
  0.81000000   3.39900000   0.64123026   1.56466081   0.02195102   0.03797797   0.03797797   0.06740058   0.97438252   0.14172499
  0.49700000   2.09200000   0.43079932   1.20314359   0.01164910   0.02328910   0.02328910   0.04960113   0.92766876   0.19027885
  0.75000000   2.74000000   0.60401656   1.39384424   0.02005393   0.03355920   0.03355920   0.05804572   0.59086033   0.09703155
  0.71700000   3.48000000   0.58295133   1.58498806   0.01898907   0.03563713   0.03563713   0.06888350   0.96531503   0.22580912
  0.60900000   1.88000000   0.51089057   1.13185684   0.01541934   0.02614000   0.02614000   0.04637331   0.59355604   0.19513299
  0.64600000   1.84700000   0.53613008   1.12022857   0.01665447   0.02707366   0.02707366   0.04583762   0.77092890   0.17586902
  0.38900000   2.15000000   0.34801818   1.22171745   0.00808086   0.01940565   0.01940565   0.05042785   0.53970206   0.08749450
  0.49900000   1.44000000   0.43227977   0.96214686   0.01171631   0.02077833   0.02077833   0.03829116   0.51001302   0.10931208
  0.23800000   1.19900000   0.22249897   0.85257097   0.00361011   0.01060722   0.01060722   0.03280655   1.11451870   0.20253207
  0.49400000   1.23200000   0.42857514   0.86842102   0.01154831   0.01943664   0.01943664   0.03361009   0.59654316   0.11070591
  0.35200000   2.34000000   0.31834145   1.28018369   0.00690795   0.01834113   0.01834113   0.05300340   0.45669590   0.08553373
  0.68200000   1.55000000   0.56013057   1.00784597   0.01784495   0.02653122   0.02653122   0.04052173   0.75943898   0.17357024
  0.72200000   1.54000000   0.58617091   1.00379167   0.01915132   0.02746618   0.02746618   0.04032537   0.37247672   0.05678750
  0.27400000   2.09000000   0.25349561   1.20249650   0.00458628   0.01437112   0.01437112   0.04957224   0.52801497   0.13514892
  0.33700000   3.25000000   0.30611364   1.52705789   0.00644366   0.01989105   0.01989105   0.06494250   0.38343642   0.06465941
  0.36500000   3.39000000   0.32884674   1.56239830   0.00731589   0.02164211   0.02164211   0.06724280   0.72466566   0.16562147
  0.41900000   2.95000000   0.37158030   1.44983285   0.00905508   0.02276551   0.02276551   0.06071110   0.59721771   0.10331177
  0.61100000   2.36000000   0.51226995   1.28614560   0.01548634   0.02800024   0.02800024   0.05326466   1.44954688   0.33525089
  0.55200000   3.35000000   0.47083773   1.55233083   0.01350200   0.02944207   0.02944207   0.06655706   0.72597628   0.17103850
  0.78300000   2.77000000   0.62465466   1.40196864   0.02110387   0.03458755   0.03458755   0.05841989   0.76039905   0.19446712
  0.45600000   1.59000000   0.40003460   1.02387221   0.01027731   0.02008039   0.02008039   0.04129491   0.75595227   0.09154098
  0.52600000   3.01000000   0.45208380   1.46549577   0.01262534   0.02723547   0.02723547   0.06150409   0.64915241   0.09837841
  0.71600000   1.47000000   0.58230621   0.97485606   0.01895658   0.02687471   0.02687471   0.03891522   0.50920566   0.07818900
  0.32200000   1.42000000   0.29377114   0.95356736   0.00598696   0.01463032   0.01463032   0.03786832   0.70414453   0.15305305
  0.38000000   0.99000000   0.34086263   0.74504222   0.00779232   0.01442583   0.01442583   0.02729562   0.55005666   0.13043805
  0.48300000   3.12000000   0.42038368   1.49390318   0.01117921   0.02593421   0.02593421   0.06301776   0.93382340   0.15790759
  0.40000000   2.15000000   0.35670920   1.22171745   0.00843598   0.01984342   0.01984342   0.05042785   1.49032784   0.29742374
  0.47600000   2.53000000   0.41514124   1.33553881   0.01094478   0.02384575   0.02384575   0.05543253   0.57279072   0.11037374
  0.33800000   3.45000000   0.30693238   1.57746602   0.00647439   0.02051212   0.02051212   0.06832054   1.36276916   0.33257043
  0.28900000   1.02000000   0.26621017   0.76128458   0.00501301   0.01168854   0.01168854   0.02813260   0.50476141   0.16533658
  0.23200000   1.07000000   0.21726629   0.78773082   0.00345473   0.00988704   0.00988704   0.02949299   4.64357771   1.10718271
  0.32500000   2.35000000   0.29624885   1.28316889   0.00607765   0.01718981   0.01718981   0.05313423   0.98498246   0.20710492
  0.43600000   1.36000000   0.38473625   0.92729865   0.00961426   0.01837629   0.01837629   0.03656614   1.02231411   0.22971269
  0.58690000   2.45040000   0.49553206   1.31268495   0.01467742   0.02752811   0.02752811   0.05442770   0.79997630   0.30141214
  0.39570000   2.82090000   0.35331894   1.41565073   0.00829685   0.02141005   0.02141005   0.05905825   0.89944663   0.14755877
  0.48590000   2.24910000   0.42254878   1.25264183   0.01127644   0.02338239   0.02338239   0.05179410   0.26799320   0.16503725
  0.49360000   2.36330000   0.42827827   1.28712606   0.01153487   0.02400728   0.02400728   0.05330762   0.89012962   0.23294832
  0.72240000   2.63470000   0.58642805   1.36494112   0.01916428   0.03237113   0.03237113   0.05673769   0.96077670   0.37048348
  0.50740000   2.23350000   0.43847725   1.24783834   0.01199884   0.02410440   0.02410440   0.05158259   0.30460677   0.09966618
  0.52380000   2.34400000   0.45048275   1.28137879   0.01255119   0.02502953   0.02502953   0.05305578   1.88539873   1.93522722
  0.58110000   2.40300000   0.49146573   1.29885083   0.01448233   0.02717687   0.02717687   0.05382129   0.62473216   0.20780988
  0.60730000   2.39990000   0.50971673   1.29793991   0.01536236   0.02802054   0.02802054   0.05378138   0.93146330   0.38322866
  0.55010000   2.45360000   0.46947766   1.31361266   0.01343793   0.02629506   0.02629506   0.05446839   0.47571025   0.19245406
  0.58580000   2.76240000   0.49476200   1.39991481   0.01464043   0.02854265   0.02854265   0.05832498   0.54215118   0.16958165
  0.56280000   2.12580000   0.47853775   1.21401216   0.01386606   0.02563094   0.02563094   0.05008552   0.71629615   0.26022313
  0.49800000   2.73220000   0.43153978   1.39172425   0.01168270   0.02528487   0.02528487   0.05794862   0.77236683   0.16648872
  0.53050000   2.83240000   0.45535175   1.41872493   0.01277704   0.02681432   0.02681432   0.05920327   0.68255243   0.26983448
  0.52700000   2.26490000   0.45281081   1.25748332   0.01265905   0.02489017   0.02489017   0.05200707   0.51265862   0.16293635
  0.60900000   1.89000000   0.51089057   1.13535033   0.01541934   0.02618155   0.02618155   0.04653372   0.29958506   0.08171802
  0.55700000   1.33000000   0.47440908   0.91385560   0.01367057   0.02185425   0.02185425   0.03589556   0.34594084   0.10139650
  0.88400000   2.06000000   0.68527866   1.19273560   0.02421394   0.03406607   0.03406607   0.04913552   0.57297569   0.22426001
  0.67100000   1.87000000   0.55285450   1.12834940   0.01748255   0.02787684   0.02787684   0.04621201   1.47475318   0.30771367
  0.22100000   1.10460000   0.20762335   0.80558975   0.00317582   0.00960608   0.00960608   0.03040924   1.03495018   0.18090066
  0.15840000   0.74770000   0.15151204   0.60256235   0.00175656   0.00585614   0.00585614   0.01998018   0.68373330   0.11897309
  0.32100000   0.91990000   0.29294421   0.70594560   0.00595680   0.01213700   0.01213700   0.02527917   0.56946484   0.12162926
  0.44560000   0.62390000   0.39210352   0.52112533   0.00993190   0.01256051   0.01256051   0.01591793   0.22731263   0.05687545
  0.13710000   0.96280000   0.13193712   0.73006536   0.00134941   0.00585604   0.00585604   0.02652327   0.98579100   0.12396536
  0.15340000   0.74010000   0.14693912   0.59774233   0.00165717   0.00565360   0.00565360   0.01973598   0.96811094   0.16765566
  0.12060000   0.83260000   0.11660373   0.65489467   0.00106467   0.00483009   0.00483009   0.02265147   1.32369212   0.15609137
  0.13180000   1.29070000   0.12702803   0.89592106   0.00125492   0.00638835   0.00638835   0.03499679   1.31811279   0.14520369
  0.15510000   0.53270000   0.14849543   0.45694604   0.00169071   0.00463833   0.00463833   0.01285121   0.84056536   0.14154964
  0.12760000   0.63710000   0.12312693   0.53011252   0.00118205   0.00435852   0.00435852   0.01635832   1.03031899   0.13939451
  0.28810000   0.39180000   0.26545061   0.35023613   0.00498711   0.00638115   0.00638115   0.00817100   0.27516396   0.03437374
  0.32140000   0.46710000   0.29327504   0.40844232   0.00596886   0.00796612   0.00796612   0.01064729   0.25495386   0.06338715
  0.19590000   0.84830000   0.18537805   0.66427651   0.00257040   0.00760610   0.00760610   0.02313330   1.14782736   0.14606742
  0.16680000   0.42450000   0.15916404   0.37585205   0.00192859   0.00421057   0.00421057   0.00923549   0.80933200   0.09015867
  0.16710000   0.74690000   0.15943662   0.60205605   0.00193485   0.00614452   0.00614452   0.01995451   0.78624270   0.11096512
  0.12250000   0.28460000   0.11837696   0.26249273   0.00109602   0.00231216   0.00231216   0.00488673   0.59133357   0.07012236
  0.10060000   0.21720000   0.09781848   0.20427718   0.00075849   0.00152805   0.00152805   0.00308132   0.52011295   0.04474181
  0.13300000   0.66790000   0.12814086   0.55079489   0.00127607   0.00466387   0.00466387   0.01738019   1.07601715   0.12277632
  0.16340000   0.53800000   0.15607140   0.46077774   0.00185821   0.00489677   0.00489677   0.01302992   0.73575649   0.11504153
  0.13430000   0.83180000   0.12934555   0.65441420   0.00129914   0.00533629   0.00533629   0.02262682   1.01283710   0.13860645
  0.17800000   0.51690000   0.16930734   0.44544681   0.00216744   0.00514667   0.00514667   0.01231871   0.56125586   0.06838501
  0.16970000   0.68600000   0.16179693   0.56276400   0.00198941   0.00592667   0.00592667   0.01797641   0.78761333   0.09933675
  0.13030000   0.36100000   0.12563589   0.32562343   0.00122869   0.00296667   0.00296667   0.00718985   0.81933357   0.07609119
  0.12410000   0.46270000   0.11986867   0.40511657   0.00112272   0.00341981   0.00341981   0.01050048   0.90759098   0.07961173
  0.16400000   0.65950000   0.15661762   0.54519386   0.00187056   0.00560915   0.00560915   0.01710237   1.08352579   0.14666537
  0.10360000   0.25510000   0.10065021   0.23730752   0.00080157   0.00180360   0.00180360   0.00406480   0.61500594   0.08869062
  0.09060000   0.59540000   0.08834376   0.50146452   0.00062248   0.00302527   0.00302527   0.01496307   0.86968946   0.06815557
  0.09020000   0.53310000   0.08796363   0.45723568   0.00061729   0.00279890   0.00279890   0.01286470   1.09437561   0.11256539
  0.20740000   0.37170000   0.19561197   0.33422778   0.00284221   0.00462121   0.00462121   0.00752797   0.56033502   0.06065093
  0.06250000   0.77200000   0.06142617   0.61782208   0.00030618   0.00247891   0.00247891   0.02075562   0.97971415   0.07891973
  0.16880000   0.65370000   0.16098032   0.54130921   0.00197046   0.00572653   0.00572653   0.01691014   1.07019126   0.18621875
  0.09120000   0.41150000   0.08891379   0.36573133   0.00063031   0.00234802   0.00234802   0.00880990   1.00286429   0.07247120
  0.14060000   0.73890000   0.13517059   0.59697919   0.00141334   0.00521354   0.00521354   0.01969735   1.07792566   0.13359334
  0.26810000   0.39660000   0.24846232   0.35402929   0.00442147   0.00606386   0.00606386   0.00832594   0.33297474   0.04092604
  0.13510000   0.35010000   0.13008643   0.31679891   0.00131342   0.00299435   0.00299435   0.00684875   0.59308267   0.05300370
  0.16040000   0.56630000   0.15333741   0.48102188   0.00179696   0.00498446   0.00498446   0.01398400   0.77389535   0.12577472
  0.20890000   0.48650000   0.19694161   0.42299623   0.00287837   0.00568701   0.00568701   0.01129657   0.50927084   0.08655452
  0.12810000   0.58040000   0.12359186   0.49097396   0.00119063   0.00411997   0.00411997   0.01445878   0.90322770   0.08362469
  0.29050000   1.00480000   0.26747518   0.75309090   0.00505627   0.01165777   0.01165777   0.02771048   1.16755034   0.17500376
  0.18990000   0.27750000   0.18001044   0.25647285   0.00243252   0.00337489   0.00337489   0.00468488   0.34082093   0.04507832
  0.49100000   2.71900000   0.42634675   1.38812922   0.01144757   0.02497883   0.02497883   0.05778443   0.64173277   0.18252757
  0.95800000   2.63900000   0.72739721   1.36613390   0.02638564   0.03831048   0.03831047   0.05679108   0.67633126   0.19236840
  0.40600000   1.33900000   0.36142453   0.91791068   0.00863075   0.01728292   0.01728292   0.03609813   0.91532866   0.09055432
  0.39000000   3.11500000   0.34881075   1.49261968   0.00811303   0.02197754   0.02197754   0.06294696   0.81362548   0.23141889
  0.59900000   1.53500000   0.50396752   1.00175724   0.01508394   0.02422445   0.02422445   0.04022672   0.40948195   0.11646865
  0.72900000   2.30300000   0.59066151   1.26906292   0.01937793   0.03128352   0.03128352   0.05251569   0.60239567   0.17133895
  0.63000000   1.39400000   0.52528778   0.94228332   0.01612161   0.02422943   0.02422943   0.03731031   0.55205169   0.15701965
  0.60300000   2.03300000   0.50674198   1.18386151   0.01521817   0.02656701   0.02656701   0.04873710   0.80790184   0.22979092
  0.11100000   1.17000000   0.10761411   0.83840173   0.00091218   0.00523659   0.00523659   0.03208582   0.77384242   0.12867882
