        26471.148545        120716.804145        120716.804145       1038653.547519
         1782.478655         28352.844615        -27881.054686        138941.387547
        11272.608913        161681.682486         15027.834785       1519663.198213
        38633.003470        175816.358659        219850.355111       1683118.423796
         1782.478655        -27881.054686         28352.844615        138941.387547
         3299.993125          1096.581486          1096.581486         30996.155013
         3507.846605        -46085.669470         11328.677854        190115.446135
        -1374.423714        -52027.974963         42215.877741        207059.723938
        11272.608913         15027.834785        161681.682486       1519663.198213
         3507.846605         11328.677854        -46085.669470        190115.446135
         7419.706659         11094.838477         11094.838477       2233923.965139
        12578.288377          9964.760925        305496.127747       2478587.158759
        38633.003470        219850.355111        175816.358659       1683118.423796
        -1374.423714         42215.877741        -52027.974963        207059.723938
        12578.288377        305496.127747          9964.760925       2478587.158759
        58564.036680        334865.098448        334865.098448       2751192.590411
